#t         x         v         E        delta_E/E(0)
0 0 3 18 0
0.05 0.15 3 18.0225 0.00125
0.1 0.3 2.99625 18.045 0.00250156
0.15 0.449813 2.98875 18.0676 0.00375469
0.2 0.59925 2.9775 18.0902 0.00500938
0.25 0.748125 2.96252 18.1128 0.00626564
0.3 0.896251 2.94382 18.1354 0.00752348
0.35 1.04344 2.92141 18.1581 0.00878288
0.4 1.18951 2.89533 18.1808 0.0100439
0.45 1.33428 2.86559 18.2035 0.0113064
0.5 1.47756 2.83223 18.2263 0.0125705
0.55 1.61917 2.79529 18.2491 0.0138363
0.6 1.75894 2.75481 18.2719 0.0151036
0.65 1.89668 2.71084 18.2947 0.0163724
0.7 2.03222 2.66342 18.3176 0.0176429
0.75 2.16539 2.61262 18.3405 0.018915
0.8 2.29602 2.55848 18.3634 0.0201886
0.85 2.42394 2.50108 18.3863 0.0214638
0.9 2.549 2.44049 18.4093 0.0227407
0.95 2.67102 2.37676 18.4323 0.0240191
1 2.78986 2.30998 18.4554 0.0252991
1.05 2.90536 2.24024 18.4785 0.0265807
1.1 3.01737 2.1676 18.5016 0.027864
1.15 3.12575 2.09217 18.5247 0.0291488
1.2 3.23036 2.01403 18.5478 0.0304352
1.25 3.33106 1.93327 18.571 0.0317233
1.3 3.42773 1.84999 18.5942 0.0330129
1.35 3.52023 1.7643 18.6175 0.0343042
1.4 3.60844 1.67629 18.6407 0.0355971
1.45 3.69225 1.58608 18.664 0.0368916
1.5 3.77156 1.49377 18.6874 0.0381877
1.55 3.84625 1.39949 18.7107 0.0394854
1.6 3.91622 1.30333 18.7341 0.0407848
1.65 3.98139 1.20542 18.7575 0.0420858
1.7 4.04166 1.10589 18.781 0.0433884
1.75 4.09695 1.00485 18.8045 0.0446926
1.8 4.1472 0.902424 18.828 0.0459985
1.85 4.19232 0.798744 18.8515 0.047306
1.9 4.23225 0.693936 18.8751 0.0486151
1.95 4.26695 0.588129 18.8987 0.0499259
2 4.29636 0.481456 18.9223 0.0512383
2.05 4.32043 0.374047 18.9459 0.0525523
2.1 4.33913 0.266036 18.9696 0.053868
2.15 4.35243 0.157558 18.9933 0.0551853
2.2 4.36031 0.0487468 19.0171 0.0565043
2.25 4.36275 -0.060261 19.0408 0.057825
2.3 4.35974 -0.16933 19.0647 0.0591472
2.35 4.35127 -0.278323 19.0885 0.0604712
2.4 4.33735 -0.387105 19.1123 0.0617968
2.45 4.318 -0.495539 19.1362 0.063124
2.5 4.29322 -0.603489 19.1602 0.0644529
2.55 4.26305 -0.710819 19.1841 0.0657835
2.6 4.22751 -0.817396 19.2081 0.0671157
2.65 4.18664 -0.923083 19.2321 0.0684496
2.7 4.14048 -1.02775 19.2561 0.0697852
2.75 4.0891 -1.13126 19.2802 0.0711224
2.8 4.03253 -1.23349 19.3043 0.0724613
2.85 3.97086 -1.3343 19.3284 0.0738019
2.9 3.90414 -1.43357 19.3526 0.0751441
2.95 3.83246 -1.53118 19.3768 0.0764881
3 3.75591 -1.62699 19.401 0.0778337
3.05 3.67456 -1.72089 19.4253 0.079181
3.1 3.58851 -1.81275 19.4495 0.0805299
3.15 3.49787 -1.90246 19.4739 0.0818806
3.2 3.40275 -1.98991 19.4982 0.0832329
3.25 3.30326 -2.07498 19.5226 0.084587
3.3 3.19951 -2.15756 19.547 0.0859427
3.35 3.09163 -2.23755 19.5714 0.0873002
3.4 2.97975 -2.31484 19.5959 0.0886593
3.45 2.86401 -2.38933 19.6204 0.0900201
3.5 2.74454 -2.46093 19.6449 0.0913826
3.55 2.6215 -2.52955 19.6694 0.0927469
3.6 2.49502 -2.59508 19.694 0.0941128
3.65 2.36526 -2.65746 19.7186 0.0954804
3.7 2.23239 -2.71659 19.7433 0.0968498
3.75 2.09656 -2.7724 19.768 0.0982208
3.8 1.95794 -2.82481 19.7927 0.0995936
3.85 1.8167 -2.87376 19.8174 0.100968
3.9 1.67301 -2.91918 19.8422 0.102344
3.95 1.52705 -2.96101 19.867 0.103722
4 1.379 -2.99918 19.8918 0.105102
4.05 1.22904 -3.03366 19.9167 0.106483
4.1 1.07736 -3.06438 19.9416 0.107866
4.15 0.924143 -3.09132 19.9665 0.109251
4.2 0.769577 -3.11442 19.9915 0.110638
4.25 0.613856 -3.13366 20.0165 0.112026
4.3 0.457173 -3.14901 20.0415 0.113416
4.35 0.299723 -3.16044 20.0665 0.114808
4.4 0.141701 -3.16793 20.0916 0.116201
4.45 -0.0166956 -3.17147 20.1167 0.117597
4.5 -0.175269 -3.17105 20.1419 0.118994
4.55 -0.333822 -3.16667 20.1671 0.120392
4.6 -0.492155 -3.15833 20.1923 0.121793
4.65 -0.650072 -3.14602 20.2175 0.123195
4.7 -0.807373 -3.12977 20.2428 0.124599
4.75 -0.963862 -3.10959 20.2681 0.126005
4.8 -1.11934 -3.08549 20.2934 0.127412
4.85 -1.27362 -3.05751 20.3188 0.128822
4.9 -1.42649 -3.02567 20.3442 0.130233
4.95 -1.57777 -2.99 20.3696 0.131645
5 -1.72727 -2.95056 20.3951 0.13306
5.05 -1.8748 -2.90738 20.4206 0.134476
5.1 -2.02017 -2.86051 20.4461 0.135894
5.15 -2.1632 -2.81 20.4717 0.137314
5.2 -2.3037 -2.75592 20.4972 0.138736
5.25 -2.44149 -2.69833 20.5229 0.140159
5.3 -2.57641 -2.63729 20.5485 0.141585
5.35 -2.70827 -2.57288 20.5742 0.143012
5.4 -2.83692 -2.50518 20.5999 0.14444
5.45 -2.96218 -2.43425 20.6257 0.145871
5.5 -3.08389 -2.3602 20.6515 0.147303
5.55 -3.2019 -2.2831 20.6773 0.148737
5.6 -3.31605 -2.20305 20.7031 0.150173
5.65 -3.42621 -2.12015 20.729 0.151611
5.7 -3.53222 -2.0345 20.7549 0.15305
5.75 -3.63394 -1.94619 20.7809 0.154492
5.8 -3.73125 -1.85534 20.8068 0.155935
5.85 -3.82402 -1.76206 20.8328 0.15738
5.9 -3.91212 -1.66646 20.8589 0.158827
5.95 -3.99544 -1.56866 20.885 0.160275
6 -4.07388 -1.46877 20.9111 0.161725
6.05 -4.14731 -1.36693 20.9372 0.163178
6.1 -4.21566 -1.26324 20.9634 0.164632
6.15 -4.27882 -1.15785 20.9896 0.166087
6.2 -4.33672 -1.05088 21.0158 0.167545
6.25 -4.38926 -0.942464 21.0421 0.169004
6.3 -4.43638 -0.832732 21.0684 0.170466
6.35 -4.47802 -0.721823 21.0947 0.171929
6.4 -4.51411 -0.609872 21.1211 0.173394
6.45 -4.5446 -0.497019 21.1475 0.17486
6.5 -4.56946 -0.383404 21.1739 0.176329
6.55 -4.58863 -0.269168 21.2004 0.177799
6.6 -4.60208 -0.154452 21.2269 0.179272
6.65 -4.60981 -0.0394 21.2534 0.180746
6.7 -4.61178 0.0758452 21.28 0.182222
6.75 -4.60798 0.19114 21.3066 0.183699
6.8 -4.59843 0.306339 21.3332 0.185179
6.85 -4.58311 0.4213 21.3599 0.18666
6.9 -4.56205 0.535878 21.3866 0.188144
6.95 -4.53525 0.649929 21.4133 0.189629
7 -4.50276 0.76331 21.4401 0.191116
7.05 -4.46459 0.875879 21.4669 0.192605
7.1 -4.4208 0.987494 21.4937 0.194096
7.15 -4.37142 1.09801 21.5206 0.195588
7.2 -4.31652 1.2073 21.5475 0.197083
7.25 -4.25616 1.31521 21.5744 0.198579
7.3 -4.19039 1.42162 21.6014 0.200077
7.35 -4.11931 1.52638 21.6284 0.201577
7.4 -4.043 1.62936 21.6554 0.203079
7.45 -3.96153 1.73043 21.6825 0.204583
7.5 -3.87501 1.82947 21.7096 0.206089
7.55 -3.78353 1.92635 21.7367 0.207597
7.6 -3.68721 2.02094 21.7639 0.209106
7.65 -3.58617 2.11312 21.7911 0.210618
7.7 -3.48051 2.20277 21.8184 0.212131
7.75 -3.37037 2.28978 21.8456 0.213646
7.8 -3.25588 2.37404 21.8729 0.215163
7.85 -3.13718 2.45544 21.9003 0.216682
7.9 -3.01441 2.53387 21.9277 0.218203
7.95 -2.88772 2.60923 21.9551 0.219726
8 -2.75726 2.68142 21.9825 0.22125
8.05 -2.62318 2.75035 22.01 0.222777
8.1 -2.48567 2.81593 22.0375 0.224305
8.15 -2.34487 2.87807 22.065 0.225836
8.2 -2.20097 2.9367 22.0926 0.227368
8.25 -2.05413 2.99172 22.1202 0.228902
8.3 -1.90455 3.04307 22.1479 0.230438
8.35 -1.75239 3.09069 22.1756 0.231976
8.4 -1.59786 3.1345 22.2033 0.233516
8.45 -1.44113 3.17444 22.231 0.235058
8.5 -1.28241 3.21047 22.2588 0.236602
8.55 -1.12189 3.24253 22.2867 0.238148
8.6 -0.95976 3.27058 22.3145 0.239695
8.65 -0.796231 3.29457 22.3424 0.241245
8.7 -0.631503 3.31448 22.3703 0.242797
8.75 -0.465779 3.33027 22.3983 0.24435
8.8 -0.299265 3.34191 22.4263 0.245906
8.85 -0.13217 3.34939 22.4543 0.247463
8.9 0.0352998 3.3527 22.4824 0.249022
8.95 0.202935 3.35181 22.5105 0.250584
9 0.370525 3.34674 22.5386 0.252147
9.05 0.537862 3.33748 22.5668 0.253712
9.1 0.704736 3.32403 22.595 0.255279
9.15 0.870938 3.30641 22.6233 0.256848
9.2 1.03626 3.28464 22.6515 0.258419
9.25 1.20049 3.25873 22.6799 0.259992
9.3 1.36343 3.22872 22.7082 0.261567
9.35 1.52486 3.19464 22.7366 0.263144
9.4 1.68459 3.15651 22.765 0.264723
9.45 1.84242 3.1144 22.7935 0.266304
9.5 1.99814 3.06834 22.822 0.267887
9.55 2.15156 3.01838 22.8505 0.269472
9.6 2.30248 2.9646 22.8791 0.271059
9.65 2.45071 2.90703 22.9077 0.272647
9.7 2.59606 2.84577 22.9363 0.274238
9.75 2.73835 2.78086 22.965 0.275831
9.8 2.87739 2.71241 22.9937 0.277426
9.85 3.01301 2.64047 23.0224 0.279023
9.9 3.14503 2.56515 23.0512 0.280621
9.95 3.27329 2.48652 23.08 0.282222
10 3.39762 2.40469 23.1088 0.283825
10.05 3.51785 2.31975 23.1377 0.28543
10.1 3.63384 2.2318 23.1667 0.287037
10.15 3.74543 2.14096 23.1956 0.288645
10.2 3.85248 2.04732 23.2246 0.290256
10.25 3.95484 1.95101 23.2536 0.291869
10.3 4.05239 1.85214 23.2827 0.293484
10.35 4.145 1.75083 23.3118 0.295101
10.4 4.23254 1.6472 23.341 0.29672
10.45 4.3149 1.54139 23.3701 0.29834
10.5 4.39197 1.43352 23.3993 0.299963
10.55 4.46365 1.32372 23.4286 0.301588
10.6 4.52983 1.21213 23.4579 0.303215
10.65 4.59044 1.09888 23.4872 0.304844
10.7 4.64538 0.984119 23.5166 0.306475
10.75 4.69459 0.867984 23.546 0.308108
10.8 4.73799 0.750619 23.5754 0.309744
10.85 4.77552 0.63217 23.6049 0.311381
10.9 4.80713 0.512782 23.6344 0.31302
10.95 4.83277 0.392603 23.6639 0.314661
11 4.8524 0.271784 23.6935 0.316305
11.05 4.86599 0.150474 23.7231 0.31795
11.1 4.87351 0.0288247 23.7528 0.319597
11.15 4.87495 -0.093013 23.7824 0.321247
11.2 4.8703 -0.214887 23.8122 0.322898
11.25 4.85956 -0.336644 23.8419 0.324552
11.3 4.84272 -0.458133 23.8717 0.326208
11.35 4.81982 -0.579201 23.9016 0.327866
11.4 4.79086 -0.699697 23.9315 0.329525
11.45 4.75587 -0.819468 23.9614 0.331187
11.5 4.7149 -0.938365 23.9913 0.332851
11.55 4.66798 -1.05624 24.0213 0.334517
11.6 4.61517 -1.17294 24.0513 0.336185
11.65 4.55652 -1.28832 24.0814 0.337856
11.7 4.49211 -1.40223 24.1115 0.339528
11.75 4.42199 -1.51453 24.1416 0.341202
11.8 4.34627 -1.62508 24.1718 0.342879
11.85 4.26501 -1.73374 24.202 0.344558
11.9 4.17833 -1.84036 24.2323 0.346238
11.95 4.08631 -1.94482 24.2626 0.347921
12 3.98907 -2.04698 24.2929 0.349606
12.05 3.88672 -2.14671 24.3233 0.351293
12.1 3.77938 -2.24387 24.3537 0.352982
12.15 3.66719 -2.33836 24.3841 0.354673
12.2 3.55027 -2.43004 24.4146 0.356367
12.25 3.42877 -2.5188 24.4451 0.358062
12.3 3.30283 -2.60451 24.4757 0.35976
12.35 3.1726 -2.68709 24.5063 0.361459
12.4 3.03825 -2.7664 24.5369 0.363161
12.45 2.89993 -2.84236 24.5676 0.364865
12.5 2.75781 -2.91485 24.5983 0.366571
12.55 2.61207 -2.9838 24.629 0.368279
12.6 2.46288 -3.0491 24.6598 0.36999
12.65 2.31042 -3.11067 24.6906 0.371702
12.7 2.15489 -3.16843 24.7215 0.373417
12.75 1.99647 -3.22231 24.7524 0.375134
12.8 1.83535 -3.27222 24.7833 0.376853
12.85 1.67174 -3.3181 24.8143 0.378574
12.9 1.50584 -3.3599 24.8453 0.380297
12.95 1.33784 -3.39754 24.8764 0.382022
13 1.16797 -3.43099 24.9075 0.38375
13.05 0.996416 -3.46019 24.9386 0.385479
13.1 0.823407 -3.4851 24.9698 0.387211
13.15 0.649152 -3.50568 25.001 0.388945
13.2 0.473868 -3.52191 25.0323 0.390682
13.25 0.297772 -3.53376 25.0636 0.39242
13.3 0.121084 -3.5412 25.0949 0.39416
13.35 -0.0559758 -3.54423 25.1263 0.395903
13.4 -0.233187 -3.54283 25.1577 0.397648
13.45 -0.410329 -3.537 25.1891 0.399395
13.5 -0.587179 -3.52674 25.2206 0.401144
13.55 -0.763516 -3.51206 25.2521 0.402896
13.6 -0.939119 -3.49297 25.2837 0.404649
13.65 -1.11377 -3.4695 25.3153 0.406405
13.7 -1.28724 -3.44165 25.3469 0.408163
13.75 -1.45933 -3.40947 25.3786 0.409923
13.8 -1.6298 -3.37299 25.4103 0.411686
13.85 -1.79845 -3.33224 25.4421 0.41345
13.9 -1.96506 -3.28728 25.4739 0.415217
13.95 -2.12942 -3.23816 25.5058 0.416986
14 -2.29133 -3.18492 25.5376 0.418757
14.05 -2.45058 -3.12764 25.5696 0.420531
14.1 -2.60696 -3.06637 25.6015 0.422307
14.15 -2.76028 -3.0012 25.6335 0.424084
14.2 -2.91034 -2.93219 25.6656 0.425865
14.25 -3.05695 -2.85943 25.6976 0.427647
14.3 -3.19992 -2.78301 25.7298 0.429431
14.35 -3.33907 -2.70301 25.7619 0.431218
14.4 -3.47422 -2.61953 25.7941 0.433007
14.45 -3.6052 -2.53268 25.8264 0.434798
14.5 -3.73183 -2.44255 25.8587 0.436592
14.55 -3.85396 -2.34925 25.891 0.438388
14.6 -3.97142 -2.2529 25.9233 0.440186
14.65 -4.08407 -2.15362 25.9557 0.441986
14.7 -4.19175 -2.05152 25.9882 0.443788
14.75 -4.29432 -1.94672 26.0207 0.445593
14.8 -4.39166 -1.83937 26.0532 0.4474
14.85 -4.48363 -1.72957 26.0858 0.449209
14.9 -4.57011 -1.61748 26.1184 0.451021
14.95 -4.65098 -1.50323 26.151 0.452835
15 -4.72614 -1.38696 26.1837 0.454651
15.05 -4.79549 -1.2688 26.2164 0.456469
15.1 -4.85893 -1.14891 26.2492 0.45829
15.15 -4.91638 -1.02744 26.282 0.460112
15.2 -4.96775 -0.904532 26.3149 0.461938
15.25 -5.01297 -0.780339 26.3478 0.463765
15.3 -5.05199 -0.655014 26.3807 0.465595
15.35 -5.08474 -0.528714 26.4137 0.467427
15.4 -5.11118 -0.401596 26.4467 0.469261
15.45 -5.13126 -0.273816 26.4798 0.471098
15.5 -5.14495 -0.145535 26.5129 0.472936
15.55 -5.15223 -0.0169113 26.546 0.474778
15.6 -5.15307 0.111894 26.5792 0.476621
15.65 -5.14748 0.240721 26.6124 0.478467
15.7 -5.13544 0.369408 26.6457 0.480315
15.75 -5.11697 0.497794 26.679 0.482165
15.8 -5.09208 0.625718 26.7123 0.484018
15.85 -5.06079 0.75302 26.7457 0.485873
15.9 -5.02314 0.87954 26.7791 0.48773
15.95 -4.97917 1.00512 26.8126 0.48959
16 -4.92891 1.1296 26.8461 0.491452
16.05 -4.87243 1.25282 26.8797 0.493316
16.1 -4.80979 1.37463 26.9133 0.495183
16.15 -4.74106 1.49488 26.9469 0.497052
16.2 -4.66631 1.6134 26.9806 0.498923
16.25 -4.58564 1.73006 27.0143 0.500797
16.3 -4.49914 1.8447 27.0481 0.502673
16.35 -4.40691 1.95718 27.0819 0.504551
16.4 -4.30905 2.06735 27.1158 0.506432
16.45 -4.20568 2.17508 27.1497 0.508315
16.5 -4.09693 2.28022 27.1836 0.5102
16.55 -3.98291 2.38264 27.2176 0.512088
16.6 -3.86378 2.48222 27.2516 0.513978
16.65 -3.73967 2.57881 27.2857 0.515871
16.7 -3.61073 2.6723 27.3198 0.517766
16.75 -3.47712 2.76257 27.3539 0.519663
16.8 -3.33899 2.8495 27.3881 0.521562
16.85 -3.19651 2.93297 27.4224 0.523464
16.9 -3.04986 3.01289 27.4566 0.525369
16.95 -2.89922 3.08913 27.491 0.527275
17 -2.74476 3.16161 27.5253 0.529185
17.05 -2.58668 3.23023 27.5597 0.531096
17.1 -2.42517 3.2949 27.5942 0.53301
17.15 -2.26042 3.35553 27.6287 0.534926
17.2 -2.09265 3.41204 27.6632 0.536845
17.25 -1.92205 3.46436 27.6978 0.538766
17.3 -1.74883 3.51241 27.7324 0.540689
17.35 -1.57321 3.55613 27.7671 0.542615
17.4 -1.3954 3.59546 27.8018 0.544543
17.45 -1.21563 3.63034 27.8365 0.546474
17.5 -1.03411 3.66073 27.8713 0.548407
17.55 -0.851075 3.68659 27.9062 0.550343
17.6 -0.666746 3.70786 27.9411 0.552281
17.65 -0.481353 3.72453 27.976 0.554221
17.7 -0.295126 3.73657 28.0109 0.556164
17.75 -0.108298 3.74394 28.046 0.558109
17.8 0.0788996 3.74665 28.081 0.560057
17.85 0.266232 3.74468 28.1161 0.562007
17.9 0.453466 3.73802 28.1513 0.563959
17.95 0.640367 3.72669 28.1865 0.565914
18 0.826702 3.71068 28.2217 0.567872
18.05 1.01224 3.69001 28.257 0.569831
18.1 1.19674 3.6647 28.2923 0.571794
18.15 1.37997 3.63479 28.3277 0.573758
18.2 1.56171 3.60029 28.3631 0.575726
18.25 1.74172 3.56124 28.3985 0.577695
18.3 1.91979 3.5177 28.434 0.579667
18.35 2.09567 3.46971 28.4696 0.581642
18.4 2.26916 3.41731 28.5051 0.583619
18.45 2.44002 3.36058 28.5408 0.585599
18.5 2.60805 3.29958 28.5764 0.587581
18.55 2.77303 3.23438 28.6122 0.589565
18.6 2.93475 3.16506 28.6479 0.591552
18.65 3.093 3.09169 28.6837 0.593541
18.7 3.24759 3.01436 28.7196 0.595533
18.75 3.39831 2.93317 28.7555 0.597528
18.8 3.54496 2.84822 28.7914 0.599525
18.85 3.68738 2.75959 28.8274 0.601524
18.9 3.82536 2.66741 28.8635 0.603526
18.95 3.95873 2.57177 28.8995 0.60553
19 4.08731 2.47281 28.9357 0.607537
19.05 4.21095 2.37062 28.9718 0.609547
19.1 4.32949 2.26535 29.0081 0.611559
19.15 4.44275 2.15711 29.0443 0.613573
19.2 4.55061 2.04604 29.0806 0.61559
19.25 4.65291 1.93228 29.117 0.61761
19.3 4.74952 1.81595 29.1534 0.619632
19.35 4.84032 1.69722 29.1898 0.621656
19.4 4.92518 1.57621 29.2263 0.623683
19.45 5.00399 1.45308 29.2628 0.625713
19.5 5.07665 1.32798 29.2994 0.627745
19.55 5.14305 1.20106 29.336 0.62978
19.6 5.2031 1.07249 29.3727 0.631817
19.65 5.25672 0.942409 29.4094 0.633857
19.7 5.30384 0.810991 29.4462 0.635899
19.75 5.34439 0.678395 29.483 0.637944
19.8 5.37831 0.544785 29.5198 0.639991
19.85 5.40555 0.410328 29.5567 0.642041
19.9 5.42607 0.275189 29.5937 0.644094
19.95 5.43983 0.139537 29.6307 0.646149
20 5.44681 0.00354127 29.6677 0.648207
20.05 5.44698 -0.132629 29.7048 0.650267
20.1 5.44035 -0.268803 29.7419 0.65233
20.15 5.42691 -0.404812 29.7791 0.654395
20.2 5.40667 -0.540485 29.8163 0.656463
20.25 5.37965 -0.675652 29.8536 0.658534
20.3 5.34586 -0.810143 29.8909 0.660607
20.35 5.30536 -0.94379 29.9283 0.662683
20.4 5.25817 -1.07642 29.9657 0.664761
20.45 5.20435 -1.20788 30.0032 0.666842
20.5 5.14395 -1.33799 30.0407 0.668925
20.55 5.07705 -1.46659 30.0782 0.671012
20.6 5.00372 -1.59351 30.1158 0.6731
20.65 4.92405 -1.7186 30.1535 0.675192
20.7 4.83812 -1.84171 30.1911 0.677286
20.75 4.74603 -1.96266 30.2289 0.679382
20.8 4.6479 -2.08131 30.2667 0.681482
20.85 4.54383 -2.19751 30.3045 0.683583
20.9 4.43396 -2.3111 30.3424 0.685688
20.95 4.3184 -2.42195 30.3803 0.687795
21 4.19731 -2.52991 30.4183 0.689905
21.05 4.07081 -2.63484 30.4563 0.692017
21.1 3.93907 -2.73661 30.4944 0.694132
21.15 3.80224 -2.83509 30.5325 0.69625
21.2 3.66048 -2.93015 30.5707 0.69837
21.25 3.51398 -3.02166 30.6089 0.700493
21.3 3.36289 -3.10951 30.6471 0.702619
21.35 3.20742 -3.19358 30.6854 0.704747
21.4 3.04774 -3.27377 30.7238 0.706878
21.45 2.88405 -3.34996 30.7622 0.709011
21.5 2.71655 -3.42206 30.8007 0.711148
21.55 2.54545 -3.48998 30.8392 0.713287
21.6 2.37095 -3.55361 30.8777 0.715428
21.65 2.19327 -3.61289 30.9163 0.717573
21.7 2.01263 -3.66772 30.955 0.71972
21.75 1.82924 -3.71803 30.9936 0.721869
21.8 1.64334 -3.76376 31.0324 0.724022
21.85 1.45515 -3.80485 31.0712 0.726177
21.9 1.26491 -3.84123 31.11 0.728334
21.95 1.07285 -3.87285 31.1489 0.730495
22 0.879203 -3.89967 31.1878 0.732658
22.05 0.68422 -3.92165 31.2268 0.734824
22.1 0.488137 -3.93875 31.2659 0.736992
22.15 0.2912 -3.95096 31.3049 0.739163
22.2 0.0936518 -3.95824 31.3441 0.741337
22.25 -0.10426 -3.96058 31.3833 0.743514
22.3 -0.302289 -3.95797 31.4225 0.745693
22.35 -0.500188 -3.95042 31.4618 0.747876
22.4 -0.697709 -3.93791 31.5011 0.75006
22.45 -0.894604 -3.92047 31.5405 0.752248
22.5 -1.09063 -3.8981 31.5799 0.754438
22.55 -1.28553 -3.87084 31.6194 0.756631
22.6 -1.47907 -3.8387 31.6589 0.758827
22.65 -1.67101 -3.80172 31.6985 0.761026
22.7 -1.8611 -3.75995 31.7381 0.763227
22.75 -2.04909 -3.71342 31.7778 0.765431
22.8 -2.23476 -3.66219 31.8175 0.767638
22.85 -2.41787 -3.60632 31.8573 0.769847
22.9 -2.59819 -3.54588 31.8971 0.77206
22.95 -2.77548 -3.48092 31.9369 0.774275
23 -2.94953 -3.41153 31.9769 0.776493
23.05 -3.12011 -3.3378 32.0168 0.778713
23.1 -3.287 -3.25979 32.0569 0.780937
23.15 -3.44999 -3.17762 32.0969 0.783163
23.2 -3.60887 -3.09137 32.137 0.785392
23.25 -3.76344 -3.00115 32.1772 0.787623
23.3 -3.91349 -2.90706 32.2174 0.789858
23.35 -4.05885 -2.80922 32.2577 0.792095
23.4 -4.19931 -2.70775 32.298 0.794335
23.45 -4.33469 -2.60277 32.3384 0.796578
23.5 -4.46483 -2.4944 32.3788 0.798824
23.55 -4.58955 -2.38278 32.4193 0.801073
23.6 -4.70869 -2.26804 32.4598 0.803324
23.65 -4.82209 -2.15033 32.5004 0.805578
23.7 -4.92961 -2.02977 32.541 0.807835
23.75 -5.0311 -1.90653 32.5817 0.810095
23.8 -5.12643 -1.78076 32.6224 0.812357
23.85 -5.21546 -1.6526 32.6632 0.814623
23.9 -5.29809 -1.52221 32.704 0.816891
23.95 -5.3742 -1.38976 32.7449 0.819162
24 -5.44369 -1.2554 32.7859 0.821436
24.05 -5.50646 -1.11931 32.8268 0.823713
24.1 -5.56243 -0.981648 32.8679 0.825993
24.15 -5.61151 -0.842587 32.909 0.828275
24.2 -5.65364 -0.702299 32.9501 0.83056
24.25 -5.68875 -0.560958 32.9913 0.832849
24.3 -5.7168 -0.418739 33.0325 0.83514
24.35 -5.73774 -0.275819 33.0738 0.837434
24.4 -5.75153 -0.132376 33.1151 0.83973
24.45 -5.75815 0.0114126 33.1565 0.84203
24.5 -5.75758 0.155366 33.198 0.844333
24.55 -5.74981 0.299306 33.2395 0.846638
24.6 -5.73484 0.443051 33.281 0.848946
24.65 -5.71269 0.586422 33.3226 0.851258
24.7 -5.68337 0.729239 33.3643 0.853572
24.75 -5.64691 0.871324 33.406 0.855889
24.8 -5.60334 1.0125 33.4478 0.858208
24.85 -5.55272 1.15258 33.4896 0.860531
24.9 -5.49509 1.2914 33.5314 0.862857
24.95 -5.43052 1.42878 33.5733 0.865185
25 -5.35908 1.56454 33.6153 0.867517
25.05 -5.28085 1.69852 33.6573 0.869851
25.1 -5.19593 1.83054 33.6994 0.872189
25.15 -5.1044 1.96043 33.7415 0.874529
25.2 -5.00638 2.08804 33.7837 0.876872
25.25 -4.90198 2.2132 33.8259 0.879218
25.3 -4.79132 2.33575 33.8682 0.881567
25.35 -4.67453 2.45554 33.9105 0.883919
25.4 -4.55175 2.5724 33.9529 0.886274
25.45 -4.42313 2.68619 33.9954 0.888632
25.5 -4.28882 2.79677 34.0379 0.890993
25.55 -4.14898 2.90399 34.0804 0.893356
25.6 -4.00378 3.00772 34.123 0.895723
25.65 -3.8534 3.10781 34.1657 0.898093
25.7 -3.69801 3.20415 34.2084 0.900465
25.75 -3.5378 3.2966 34.2511 0.902841
25.8 -3.37297 3.38504 34.294 0.905219
25.85 -3.20372 3.46937 34.3368 0.907601
25.9 -3.03025 3.54946 34.3797 0.909985
25.95 -2.85278 3.62522 34.4227 0.912373
26 -2.67152 3.69653 34.4657 0.914763
26.05 -2.48669 3.76332 34.5088 0.917157
26.1 -2.29852 3.82549 34.552 0.919553
26.15 -2.10725 3.88295 34.5952 0.921953
26.2 -1.9131 3.93563 34.6384 0.924355
26.25 -1.71632 3.98346 34.6817 0.926761
26.3 -1.51715 4.02637 34.725 0.929169
26.35 -1.31583 4.0643 34.7685 0.931581
26.4 -1.11261 4.09719 34.8119 0.933995
26.45 -0.907754 4.12501 34.8554 0.936413
26.5 -0.701503 4.1477 34.899 0.938833
26.55 -0.494118 4.16524 34.9426 0.941257
26.6 -0.285856 4.17759 34.9863 0.943683
26.65 -0.0769763 4.18474 35.03 0.946113
26.7 0.132261 4.18666 35.0738 0.948545
26.75 0.341594 4.18336 35.1177 0.950981
26.8 0.550762 4.17482 35.1616 0.95342
26.85 0.759503 4.16105 35.2055 0.955862
26.9 0.967555 4.14206 35.2495 0.958306
26.95 1.17466 4.11787 35.2936 0.960754
27 1.38055 4.08851 35.3377 0.963205
27.05 1.58498 4.05399 35.3819 0.965659
27.1 1.78768 4.01437 35.4261 0.968116
27.15 1.9884 3.96968 35.4704 0.970576
27.2 2.18688 3.91997 35.5147 0.97304
27.25 2.38288 3.86529 35.5591 0.975506
27.3 2.57614 3.80572 35.6036 0.977975
27.35 2.76643 3.74132 35.6481 0.980448
27.4 2.95349 3.67216 35.6926 0.982923
27.45 3.1371 3.59832 35.7372 0.985402
27.5 3.31702 3.51989 35.7819 0.987884
27.55 3.49301 3.43697 35.8266 0.990369
27.6 3.66486 3.34964 35.8714 0.992857
27.65 3.83234 3.25802 35.9163 0.995348
27.7 3.99524 3.16221 35.9612 0.997842
27.75 4.15336 3.06233 36.0061 1.00034
27.8 4.30647 2.9585 36.0511 1.00284
27.85 4.4544 2.85084 36.0962 1.00534
27.9 4.59694 2.73948 36.1413 1.00785
27.95 4.73391 2.62455 36.1865 1.01036
28 4.86514 2.5062 36.2317 1.01287
28.05 4.99045 2.38458 36.277 1.01539
28.1 5.10968 2.25981 36.3223 1.01791
28.15 5.22267 2.13207 36.3677 1.02043
28.2 5.32927 2.00151 36.4132 1.02296
28.25 5.42935 1.86827 36.4587 1.02548
28.3 5.52276 1.73254 36.5043 1.02802
28.35 5.60939 1.59447 36.5499 1.03055
28.4 5.68911 1.45424 36.5956 1.03309
28.45 5.76182 1.31201 36.6414 1.03563
28.5 5.82743 1.16796 36.6872 1.03818
28.55 5.88582 1.02228 36.733 1.04072
28.6 5.93694 0.875132 36.7789 1.04327
28.65 5.98069 0.726709 36.8249 1.04583
28.7 6.01703 0.577191 36.8709 1.04839
28.75 6.04589 0.426766 36.917 1.05095
28.8 6.06723 0.275618 36.9632 1.05351
28.85 6.08101 0.123938 37.0094 1.05608
28.9 6.0872 -0.0280875 37.0556 1.05865
28.95 6.0858 -0.180268 37.102 1.06122
29 6.07679 -0.332413 37.1483 1.0638
29.05 6.06017 -0.484332 37.1948 1.06638
29.1 6.03595 -0.635837 37.2413 1.06896
29.15 6.00416 -0.786735 37.2878 1.07155
29.2 5.96482 -0.936839 37.3344 1.07413
29.25 5.91798 -1.08596 37.3811 1.07673
29.3 5.86368 -1.23391 37.4278 1.07932
29.35 5.80199 -1.3805 37.4746 1.08192
29.4 5.73296 -1.52555 37.5214 1.08452
29.45 5.65668 -1.66887 37.5684 1.08713
29.5 5.57324 -1.81029 37.6153 1.08974
29.55 5.48272 -1.94962 37.6623 1.09235
29.6 5.38524 -2.08669 37.7094 1.09497
29.65 5.28091 -2.22132 37.7565 1.09759
29.7 5.16984 -2.35334 37.8037 1.10021
29.75 5.05218 -2.48259 37.851 1.10283
29.8 4.92805 -2.6089 37.8983 1.10546
29.85 4.7976 -2.7321 37.9457 1.10809
29.9 4.661 -2.85204 37.9931 1.11073
29.95 4.51839 -2.96856 38.0406 1.11337
30 4.36997 -3.08152 38.0882 1.11601
30.05 4.21589 -3.19077 38.1358 1.11865
30.1 4.05635 -3.29617 38.1834 1.1213
30.15 3.89154 -3.39758 38.2312 1.12395
30.2 3.72166 -3.49487 38.279 1.12661
30.25 3.54692 -3.58791 38.3268 1.12927
30.3 3.36753 -3.67658 38.3747 1.13193
30.35 3.1837 -3.76077 38.4227 1.13459
30.4 2.99566 -3.84036 38.4707 1.13726
30.45 2.80364 -3.91525 38.5188 1.13993
30.5 2.60788 -3.98534 38.5669 1.14261
30.55 2.40861 -4.05054 38.6152 1.14529
30.6 2.20608 -4.11076 38.6634 1.14797
30.65 2.00055 -4.16591 38.7118 1.15065
30.7 1.79225 -4.21592 38.7601 1.15334
30.75 1.58145 -4.26073 38.8086 1.15603
30.8 1.36842 -4.30026 38.8571 1.15873
30.85 1.15341 -4.33447 38.9057 1.16143
30.9 0.936682 -4.36331 38.9543 1.16413
30.95 0.718516 -4.38673 39.003 1.16683
31 0.49918 -4.40469 39.0518 1.16954
31.05 0.278946 -4.41717 39.1006 1.17225
31.1 0.0580871 -4.42414 39.1494 1.17497
31.15 -0.16312 -4.42559 39.1984 1.17769
31.2 -0.3844 -4.42152 39.2474 1.18041
31.25 -0.605476 -4.41191 39.2964 1.18314
31.3 -0.826071 -4.39677 39.3456 1.18586
31.35 -1.04591 -4.37612 39.3947 1.1886
31.4 -1.26472 -4.34997 39.444 1.19133
31.45 -1.48221 -4.31835 39.4933 1.19407
31.5 -1.69813 -4.2813 39.5427 1.19681
31.55 -1.9122 -4.23884 39.5921 1.19956
31.6 -2.12414 -4.19104 39.6416 1.20231
31.65 -2.33369 -4.13794 39.6911 1.20506
31.7 -2.54059 -4.07959 39.7407 1.20782
31.75 -2.74457 -4.01608 39.7904 1.21058
31.8 -2.94537 -3.94746 39.8402 1.21334
31.85 -3.14274 -3.87383 39.89 1.21611
31.9 -3.33644 -3.79526 39.9398 1.21888
31.95 -3.5262 -3.71185 39.9897 1.22165
32 -3.71179 -3.6237 40.0397 1.22443
32.05 -3.89298 -3.5309 40.0898 1.22721
32.1 -4.06952 -3.43358 40.1399 1.22999
32.15 -4.2412 -3.33184 40.1901 1.23278
32.2 -4.40779 -3.22581 40.2403 1.23557
32.25 -4.56908 -3.11561 40.2906 1.23837
32.3 -4.72486 -3.00139 40.341 1.24116
32.35 -4.87493 -2.88326 40.3914 1.24397
32.4 -5.0191 -2.76139 40.4419 1.24677
32.45 -5.15716 -2.63591 40.4924 1.24958
32.5 -5.28896 -2.50699 40.543 1.25239
32.55 -5.41431 -2.37476 40.5937 1.25521
32.6 -5.53305 -2.2394 40.6445 1.25803
32.65 -5.64502 -2.10108 40.6953 1.26085
32.7 -5.75007 -1.95995 40.7461 1.26367
32.75 -5.84807 -1.8162 40.7971 1.2665
32.8 -5.93888 -1.67 40.8481 1.26934
32.85 -6.02238 -1.52153 40.8991 1.27217
32.9 -6.09846 -1.37097 40.9503 1.27501
32.95 -6.167 -1.21851 41.0014 1.27786
33 -6.22793 -1.06433 41.0527 1.28071
33.05 -6.28115 -0.908632 41.104 1.28356
33.1 -6.32658 -0.751603 41.1554 1.28641
33.15 -6.36416 -0.593439 41.2068 1.28927
33.2 -6.39383 -0.434335 41.2583 1.29213
33.25 -6.41555 -0.274489 41.3099 1.295
33.3 -6.42927 -0.114101 41.3616 1.29786
33.35 -6.43498 0.0466312 41.4133 1.30074
33.4 -6.43264 0.207506 41.465 1.30361
33.45 -6.42227 0.368322 41.5169 1.30649
33.5 -6.40385 0.528878 41.5688 1.30938
33.55 -6.37741 0.688975 41.6207 1.31226
33.6 -6.34296 0.84841 41.6727 1.31515
33.65 -6.30054 1.00698 41.7248 1.31805
33.7 -6.25019 1.1645 41.777 1.32094
33.75 -6.19197 1.32075 41.8292 1.32384
33.8 -6.12593 1.47555 41.8815 1.32675
33.85 -6.05215 1.6287 41.9338 1.32966
33.9 -5.97072 1.78 41.9863 1.33257
33.95 -5.88172 1.92927 42.0387 1.33549
34 -5.78525 2.07631 42.0913 1.33841
34.05 -5.68144 2.22095 42.1439 1.34133
34.1 -5.57039 2.36298 42.1966 1.34425
34.15 -5.45224 2.50224 42.2493 1.34719
34.2 -5.32713 2.63855 42.3021 1.35012
34.25 -5.1952 2.77173 42.355 1.35306
34.3 -5.05661 2.90161 42.408 1.356
34.35 -4.91153 3.02802 42.461 1.35894
34.4 -4.76013 3.15081 42.5141 1.36189
34.45 -4.60259 3.26981 42.5672 1.36484
34.5 -4.4391 3.38488 42.6204 1.3678
34.55 -4.26986 3.49585 42.6737 1.37076
34.6 -4.09506 3.6026 42.727 1.37372
34.65 -3.91493 3.70498 42.7804 1.37669
34.7 -3.72969 3.80285 42.8339 1.37966
34.75 -3.53954 3.89609 42.8874 1.38264
34.8 -3.34474 3.98458 42.9411 1.38561
34.85 -3.14551 4.0682 42.9947 1.3886
34.9 -2.9421 4.14684 43.0485 1.39158
34.95 -2.73476 4.22039 43.1023 1.39457
35 -2.52374 4.28876 43.1562 1.39756
35.05 -2.3093 4.35185 43.2101 1.40056
35.1 -2.09171 4.40959 43.2641 1.40356
35.15 -1.87123 4.46188 43.3182 1.40657
35.2 -1.64813 4.50866 43.3724 1.40958
35.25 -1.4227 4.54986 43.4266 1.41259
35.3 -1.19521 4.58543 43.4809 1.4156
35.35 -0.965937 4.61531 43.5352 1.41862
35.4 -0.735172 4.63946 43.5896 1.42165
35.45 -0.503199 4.65784 43.6441 1.42467
35.5 -0.270307 4.67042 43.6987 1.4277
35.55 -0.0367859 4.67718 43.7533 1.43074
35.6 0.197073 4.67809 43.808 1.43378
35.65 0.430978 4.67317 43.8627 1.43682
35.7 0.664636 4.66239 43.9176 1.43986
35.75 0.897756 4.64578 43.9725 1.44291
35.8 1.13004 4.62333 44.0274 1.44597
35.85 1.36121 4.59508 44.0825 1.44903
35.9 1.59097 4.56105 44.1376 1.45209
35.95 1.81902 4.52128 44.1927 1.45515
36 2.04508 4.4758 44.248 1.45822
36.05 2.26887 4.42468 44.3033 1.46129
36.1 2.49011 4.36795 44.3587 1.46437
36.15 2.7085 4.3057 44.4141 1.46745
36.2 2.92379 4.23799 44.4696 1.47054
36.25 3.13569 4.16489 44.5252 1.47362
36.3 3.34393 4.0865 44.5809 1.47672
36.35 3.54826 4.0029 44.6366 1.47981
36.4 3.7484 3.9142 44.6924 1.48291
36.45 3.94411 3.82049 44.7483 1.48601
36.5 4.13514 3.72188 44.8042 1.48912
36.55 4.32123 3.61851 44.8602 1.49223
36.6 4.50216 3.51047 44.9163 1.49535
36.65 4.67768 3.39792 44.9724 1.49847
36.7 4.84758 3.28098 45.0286 1.50159
36.75 5.01163 3.15979 45.0849 1.50472
36.8 5.16961 3.0345 45.1413 1.50785
36.85 5.32134 2.90526 45.1977 1.51098
36.9 5.4666 2.77223 45.2542 1.51412
36.95 5.60521 2.63556 45.3108 1.51727
37 5.73699 2.49543 45.3674 1.52041
37.05 5.86176 2.352 45.4241 1.52356
37.1 5.97936 2.20546 45.4809 1.52672
37.15 6.08964 2.05598 45.5378 1.52988
37.2 6.19244 1.90374 45.5947 1.53304
37.25 6.28762 1.74892 45.6517 1.5362
37.3 6.37507 1.59173 45.7087 1.53937
37.35 6.45466 1.43236 45.7659 1.54255
37.4 6.52627 1.27099 45.8231 1.54573
37.45 6.58982 1.10783 45.8804 1.54891
37.5 6.64521 0.943089 45.9377 1.55209
37.55 6.69237 0.776958 45.9951 1.55529
37.6 6.73122 0.609649 46.0526 1.55848
37.65 6.7617 0.441369 46.1102 1.56168
37.7 6.78377 0.272326 46.1678 1.56488
37.75 6.79738 0.102732 46.2255 1.56809
37.8 6.80252 -0.0672025 46.2833 1.5713
37.85 6.79916 -0.237266 46.3412 1.57451
37.9 6.7873 -0.407245 46.3991 1.57773
37.95 6.76694 -0.576927 46.4571 1.58095
38 6.73809 -0.7461 46.5152 1.58418
38.05 6.70078 -0.914553 46.5733 1.58741
38.1 6.65506 -1.08207 46.6315 1.59064
38.15 6.60095 -1.24845 46.6898 1.59388
38.2 6.53853 -1.41347 46.7482 1.59712
38.25 6.46786 -1.57694 46.8066 1.60037
38.3 6.38901 -1.73863 46.8651 1.60362
38.35 6.30208 -1.89836 46.9237 1.60687
38.4 6.20716 -2.05591 46.9824 1.61013
38.45 6.10436 -2.21109 47.0411 1.61339
38.5 5.99381 -2.3637 47.0999 1.61666
38.55 5.87563 -2.51354 47.1588 1.61993
38.6 5.74995 -2.66043 47.2177 1.62321
38.65 5.61693 -2.80418 47.2767 1.62649
38.7 5.47672 -2.94461 47.3358 1.62977
38.75 5.32949 -3.08152 47.395 1.63306
38.8 5.17541 -3.21476 47.4542 1.63635
38.85 5.01467 -3.34415 47.5136 1.63964
38.9 4.84747 -3.46951 47.573 1.64294
38.95 4.67399 -3.5907 47.6324 1.64625
39 4.49446 -3.70755 47.692 1.64955
39.05 4.30908 -3.81991 47.7516 1.65287
39.1 4.11808 -3.92764 47.8113 1.65618
39.15 3.9217 -4.03059 47.871 1.6595
39.2 3.72017 -4.12863 47.9309 1.66283
39.25 3.51374 -4.22164 47.9908 1.66615
39.3 3.30266 -4.30948 48.0508 1.66949
39.35 3.08718 -4.39205 48.1108 1.67282
39.4 2.86758 -4.46923 48.171 1.67617
39.45 2.64412 -4.54091 48.2312 1.67951
39.5 2.41707 -4.60702 48.2915 1.68286
39.55 2.18672 -4.66744 48.3518 1.68621
39.6 1.95335 -4.72211 48.4123 1.68957
39.65 1.71725 -4.77095 48.4728 1.69293
39.7 1.4787 -4.81388 48.5334 1.6963
39.75 1.238 -4.85085 48.5941 1.69967
39.8 0.995462 -4.8818 48.6548 1.70304
39.85 0.751372 -4.90668 48.7156 1.70642
39.9 0.506038 -4.92547 48.7765 1.70981
39.95 0.259765 -4.93812 48.8375 1.71319
40 0.0128591 -4.94461 48.8985 1.71658
40.05 -0.234371 -4.94493 48.9597 1.71998
40.1 -0.481618 -4.93907 49.0208 1.72338
40.15 -0.728572 -4.92703 49.0821 1.72678
40.2 -0.974923 -4.90882 49.1435 1.73019
40.25 -1.22036 -4.88445 49.2049 1.73361
40.3 -1.46459 -4.85394 49.2664 1.73702
40.35 -1.70728 -4.81732 49.328 1.74044
40.4 -1.94815 -4.77464 49.3897 1.74387
40.45 -2.18688 -4.72594 49.4514 1.7473
40.5 -2.42318 -4.67126 49.5132 1.75073
40.55 -2.65674 -4.61068 49.5751 1.75417
40.6 -2.88728 -4.54427 49.6371 1.75761
40.65 -3.11449 -4.47208 49.6991 1.76106
40.7 -3.33809 -4.39422 49.7612 1.76451
40.75 -3.5578 -4.31077 49.8234 1.76797
40.8 -3.77334 -4.22182 49.8857 1.77143
40.85 -3.98443 -4.12749 49.9481 1.77489
40.9 -4.19081 -4.02788 50.0105 1.77836
40.95 -4.3922 -3.92311 50.073 1.78183
41 -4.58836 -3.8133 50.1356 1.78531
41.05 -4.77902 -3.6986 50.1983 1.78879
41.1 -4.96395 -3.57912 50.261 1.79228
41.15 -5.14291 -3.45502 50.3239 1.79577
41.2 -5.31566 -3.32645 50.3868 1.79926
41.25 -5.48198 -3.19356 50.4497 1.80276
41.3 -5.64166 -3.05651 50.5128 1.80627
41.35 -5.79449 -2.91547 50.576 1.80978
41.4 -5.94026 -2.7706 50.6392 1.81329
41.45 -6.07879 -2.6221 50.7025 1.8168
41.5 -6.20989 -2.47013 50.7658 1.82032
41.55 -6.3334 -2.31488 50.8293 1.82385
41.6 -6.44914 -2.15655 50.8928 1.82738
41.65 -6.55697 -1.99532 50.9565 1.83091
41.7 -6.65674 -1.83139 51.0202 1.83445
41.75 -6.74831 -1.66497 51.0839 1.838
41.8 -6.83156 -1.49627 51.1478 1.84154
41.85 -6.90637 -1.32548 51.2117 1.8451
41.9 -6.97264 -1.15282 51.2757 1.84865
41.95 -7.03028 -0.978502 51.3398 1.85221
42 -7.07921 -0.802745 51.404 1.85578
42.05 -7.11935 -0.625765 51.4683 1.85935
42.1 -7.15063 -0.447781 51.5326 1.86292
42.15 -7.17302 -0.269015 51.597 1.8665
42.2 -7.18647 -0.0896896 51.6615 1.87008
42.25 -7.19096 0.0899723 51.7261 1.87367
42.3 -7.18646 0.269746 51.7907 1.87726
42.35 -7.17297 0.449408 51.8555 1.88086
42.4 -7.1505 0.628732 51.9203 1.88446
42.45 -7.11907 0.807495 51.9852 1.88807
42.5 -7.07869 0.985471 52.0502 1.89168
42.55 -7.02942 1.16244 52.1152 1.89529
42.6 -6.9713 1.33817 52.1804 1.89891
42.65 -6.90439 1.51246 52.2456 1.90253
42.7 -6.82876 1.68507 52.3109 1.90616
42.75 -6.74451 1.85579 52.3763 1.90979
42.8 -6.65172 2.0244 52.4418 1.91343
42.85 -6.5505 2.19069 52.5073 1.91707
42.9 -6.44097 2.35445 52.573 1.92072
42.95 -6.32324 2.51548 52.6387 1.92437
43 -6.19747 2.67356 52.7045 1.92803
43.05 -6.06379 2.8285 52.7704 1.93169
43.1 -5.92237 2.98009 52.8363 1.93535
43.15 -5.77336 3.12815 52.9024 1.93902
43.2 -5.61696 3.27248 52.9685 1.94269
43.25 -5.45333 3.41291 53.0347 1.94637
43.3 -5.28269 3.54924 53.101 1.95006
43.35 -5.10522 3.68131 53.1674 1.95374
43.4 -4.92116 3.80894 53.2338 1.95744
43.45 -4.73071 3.93197 53.3004 1.96113
43.5 -4.53411 4.05024 53.367 1.96483
43.55 -4.3316 4.16359 53.4337 1.96854
43.6 -4.12342 4.27188 53.5005 1.97225
43.65 -3.90983 4.37496 53.5674 1.97597
43.7 -3.69108 4.47271 53.6343 1.97969
43.75 -3.46744 4.56499 53.7014 1.98341
43.8 -3.2392 4.65167 53.7685 1.98714
43.85 -3.00661 4.73265 53.8357 1.99087
43.9 -2.76998 4.80782 53.903 1.99461
43.95 -2.52959 4.87707 53.9704 1.99836
44 -2.28574 4.94031 54.0379 2.0021
44.05 -2.03872 4.99745 54.1054 2.00586
44.1 -1.78885 5.04842 54.173 2.00961
44.15 -1.53643 5.09314 54.2408 2.01338
44.2 -1.28177 5.13155 54.3086 2.01714
44.25 -1.02519 5.16359 54.3764 2.02091
44.3 -0.767012 5.18922 54.4444 2.02469
44.35 -0.507551 5.2084 54.5125 2.02847
44.4 -0.247131 5.22109 54.5806 2.03226
44.45 0.0139237 5.22727 54.6488 2.03605
44.5 0.275287 5.22692 54.7171 2.03984
44.55 0.536633 5.22004 54.7855 2.04364
44.6 0.797635 5.20662 54.854 2.04745
44.65 1.05797 5.18668 54.9226 2.05125
44.7 1.3173 5.16023 54.9912 2.05507
44.75 1.57531 5.1273 55.06 2.05889
44.8 1.83168 5.08792 55.1288 2.06271
44.85 2.08607 5.04212 55.1977 2.06654
44.9 2.33818 4.98997 55.2667 2.07037
44.95 2.58768 4.93152 55.3358 2.07421
45 2.83425 4.86683 55.405 2.07805
45.05 3.07759 4.79597 55.4742 2.0819
45.1 3.31739 4.71903 55.5436 2.08575
45.15 3.55334 4.63609 55.613 2.08961
45.2 3.78515 4.54726 55.6825 2.09347
45.25 4.01251 4.45263 55.7521 2.09734
45.3 4.23514 4.35232 55.8218 2.10121
45.35 4.45276 4.24644 55.8916 2.10509
45.4 4.66508 4.13512 55.9614 2.10897
45.45 4.87184 4.01849 56.0314 2.11286
45.5 5.07276 3.8967 56.1014 2.11675
45.55 5.2676 3.76988 56.1716 2.12064
45.6 5.45609 3.63819 56.2418 2.12454
45.65 5.638 3.50179 56.3121 2.12845
45.7 5.81309 3.36084 56.3825 2.13236
45.75 5.98113 3.21551 56.4529 2.13627
45.8 6.14191 3.06598 56.5235 2.1402
45.85 6.29521 2.91243 56.5942 2.14412
45.9 6.44083 2.75505 56.6649 2.14805
45.95 6.57858 2.59403 56.7357 2.15199
46 6.70828 2.42957 56.8067 2.15593
46.05 6.82976 2.26186 56.8777 2.15987
46.1 6.94285 2.09112 56.9488 2.16382
46.15 7.04741 1.91755 57.02 2.16778
46.2 7.14329 1.74136 57.0912 2.17173
46.25 7.23036 1.56278 57.1626 2.1757
46.3 7.30849 1.38202 57.234 2.17967
46.35 7.3776 1.19931 57.3056 2.18364
46.4 7.43756 1.01487 57.3772 2.18762
46.45 7.4883 0.828929 57.4489 2.19161
46.5 7.52975 0.641721 57.5208 2.1956
46.55 7.56184 0.453478 57.5927 2.19959
46.6 7.58451 0.264432 57.6646 2.20359
46.65 7.59773 0.0748189 57.7367 2.2076
46.7 7.60147 -0.115124 57.8089 2.21161
46.75 7.59572 -0.305161 57.8812 2.21562
46.8 7.58046 -0.495054 57.9535 2.21964
46.85 7.55571 -0.684566 58.026 2.22366
46.9 7.52148 -0.873458 58.0985 2.22769
46.95 7.4778 -1.0615 58.1711 2.23173
47 7.42473 -1.24844 58.2438 2.23577
47.05 7.36231 -1.43406 58.3166 2.23981
47.1 7.2906 -1.61812 58.3895 2.24386
47.15 7.2097 -1.80038 58.4625 2.24792
47.2 7.11968 -1.98062 58.5356 2.25198
47.25 7.02065 -2.15862 58.6088 2.25604
47.3 6.91272 -2.33413 58.682 2.26011
47.35 6.79601 -2.50695 58.7554 2.26419
47.4 6.67066 -2.67685 58.8288 2.26827
47.45 6.53682 -2.84362 58.9023 2.27235
47.5 6.39464 -3.00704 58.976 2.27644
47.55 6.24429 -3.1669 59.0497 2.28054
47.6 6.08594 -3.32301 59.1235 2.28464
47.65 5.91979 -3.47516 59.1974 2.28875
47.7 5.74604 -3.62315 59.2714 2.29286
47.75 5.56488 -3.7668 59.3455 2.29697
47.8 5.37654 -3.90593 59.4197 2.30109
47.85 5.18124 -4.04034 59.494 2.30522
47.9 4.97922 -4.16987 59.5683 2.30935
47.95 4.77073 -4.29435 59.6428 2.31349
48 4.55601 -4.41362 59.7173 2.31763
48.05 4.33533 -4.52752 59.792 2.32178
48.1 4.10896 -4.6359 59.8667 2.32593
48.15 3.87716 -4.73863 59.9416 2.33009
48.2 3.64023 -4.83556 60.0165 2.33425
48.25 3.39845 -4.92656 60.0915 2.33842
48.3 3.15212 -5.01152 60.1666 2.34259
48.35 2.90155 -5.09033 60.2418 2.34677
48.4 2.64703 -5.16287 60.3171 2.35095
48.45 2.38889 -5.22904 60.3925 2.35514
48.5 2.12744 -5.28876 60.468 2.35933
48.55 1.863 -5.34195 60.5436 2.36353
48.6 1.5959 -5.38852 60.6193 2.36774
48.65 1.32647 -5.42842 60.6951 2.37195
48.7 1.05505 -5.46158 60.7709 2.37616
48.75 0.781973 -5.48796 60.8469 2.38038
48.8 0.507575 -5.50751 60.9229 2.38461
48.85 0.2322 -5.5202 60.9991 2.38884
48.9 -0.0438103 -5.526 61.0753 2.39307
48.95 -0.320111 -5.52491 61.1517 2.39732
49 -0.596356 -5.51691 61.2281 2.40156
49.05 -0.872201 -5.502 61.3047 2.40581
49.1 -1.1473 -5.48019 61.3813 2.41007
49.15 -1.42131 -5.45151 61.458 2.41433
49.2 -1.69389 -5.41598 61.5348 2.4186
49.25 -1.96468 -5.37363 61.6118 2.42288
49.3 -2.23337 -5.32451 61.6888 2.42715
49.35 -2.49959 -5.26868 61.7659 2.43144
49.4 -2.76303 -5.20619 61.8431 2.43573
49.45 -3.02334 -5.13711 61.9204 2.44002
49.5 -3.28019 -5.06153 61.9978 2.44432
49.55 -3.53327 -4.97952 62.0753 2.44863
49.6 -3.78224 -4.89119 62.1529 2.45294
49.65 -4.0268 -4.79664 62.2306 2.45725
49.7 -4.26663 -4.69597 62.3084 2.46158
49.75 -4.50143 -4.5893 62.3863 2.4659
49.8 -4.7309 -4.47676 62.4642 2.47024
49.85 -4.95474 -4.35849 62.5423 2.47457
49.9 -5.17266 -4.23462 62.6205 2.47892
49.95 -5.38439 -4.10531 62.6988 2.48327
50 -5.58966 -3.9707 62.7772 2.48762
50.05 -5.78819 -3.83096 62.8556 2.49198
50.1 -5.97974 -3.68625 62.9342 2.49634
50.15 -6.16405 -3.53676 63.0129 2.50071
50.2 -6.34089 -3.38266 63.0916 2.50509
50.25 -6.51002 -3.22413 63.1705 2.50947
50.3 -6.67123 -3.06138 63.2495 2.51386
50.35 -6.8243 -2.8946 63.3285 2.51825
50.4 -6.96903 -2.724 63.4077 2.52265
50.45 -7.10523 -2.54977 63.4869 2.52705
50.5 -7.23272 -2.37214 63.5663 2.53146
50.55 -7.35132 -2.19132 63.6458 2.53588
50.6 -7.46089 -2.00754 63.7253 2.54029
50.65 -7.56127 -1.82102 63.805 2.54472
50.7 -7.65232 -1.63198 63.8847 2.54915
50.75 -7.73392 -1.44068 63.9646 2.55359
50.8 -7.80595 -1.24733 64.0445 2.55803
50.85 -7.86832 -1.05218 64.1246 2.56248
50.9 -7.92093 -0.855471 64.2047 2.56693
50.95 -7.9637 -0.657448 64.285 2.57139
51 -7.99657 -0.458355 64.3654 2.57585
51.05 -8.01949 -0.258441 64.4458 2.58032
51.1 -8.03241 -0.0579539 64.5264 2.5848
51.15 -8.03531 0.142856 64.607 2.58928
51.2 -8.02817 0.343739 64.6878 2.59377
51.25 -8.01098 0.544443 64.7686 2.59826
51.3 -7.98376 0.744718 64.8496 2.60276
51.35 -7.94652 0.944312 64.9307 2.60726
51.4 -7.89931 1.14297 65.0118 2.61177
51.45 -7.84216 1.34046 65.0931 2.61628
51.5 -7.77514 1.53651 65.1745 2.6208
51.55 -7.69831 1.73089 65.2559 2.62533
51.6 -7.61177 1.92335 65.3375 2.62986
51.65 -7.5156 2.11364 65.4192 2.6344
51.7 -7.40992 2.30153 65.5009 2.63894
51.75 -7.29484 2.48678 65.5828 2.64349
51.8 -7.1705 2.66915 65.6648 2.64804
51.85 -7.03704 2.84841 65.7469 2.6526
51.9 -6.89462 3.02434 65.8291 2.65717
51.95 -6.74341 3.1967 65.9114 2.66174
52 -6.58357 3.36529 65.9937 2.66632
52.05 -6.41531 3.52988 66.0762 2.6709
52.1 -6.23881 3.69026 66.1588 2.67549
52.15 -6.0543 3.84623 66.2415 2.68008
52.2 -5.86199 3.99759 66.3243 2.68469
52.25 -5.66211 4.14414 66.4072 2.68929
52.3 -5.4549 4.28569 66.4902 2.6939
52.35 -5.24062 4.42206 66.5734 2.69852
52.4 -5.01951 4.55308 66.6566 2.70314
52.45 -4.79186 4.67857 66.7399 2.70777
52.5 -4.55793 4.79836 66.8233 2.71241
52.55 -4.31801 4.91231 66.9068 2.71705
52.6 -4.0724 5.02026 66.9905 2.72169
52.65 -3.82138 5.12207 67.0742 2.72635
52.7 -3.56528 5.21761 67.1581 2.731
52.75 -3.3044 5.30674 67.242 2.73567
52.8 -3.03906 5.38935 67.3261 2.74034
52.85 -2.76959 5.46533 67.4102 2.74501
52.9 -2.49633 5.53457 67.4945 2.74969
52.95 -2.2196 5.59697 67.5789 2.75438
53 -1.93975 5.65246 67.6633 2.75907
53.05 -1.65713 5.70096 67.7479 2.76377
53.1 -1.37208 5.74239 67.8326 2.76848
53.15 -1.08496 5.77669 67.9174 2.77319
53.2 -0.796127 5.80381 68.0023 2.7779
53.25 -0.505936 5.82371 68.0873 2.78263
53.3 -0.21475 5.83636 68.1724 2.78735
53.35 0.0770677 5.84173 68.2576 2.79209
53.4 0.369154 5.83981 68.3429 2.79683
53.45 0.661145 5.83058 68.4284 2.80158
53.5 0.952673 5.81405 68.5139 2.80633
53.55 1.24338 5.79023 68.5995 2.81109
53.6 1.53289 5.75915 68.6853 2.81585
53.65 1.82084 5.72082 68.7711 2.82062
53.7 2.10689 5.6753 68.8571 2.82539
53.75 2.39065 5.62263 68.9432 2.83018
53.8 2.67178 5.56286 69.0294 2.83496
53.85 2.94993 5.49607 69.1156 2.83976
53.9 3.22473 5.42232 69.202 2.84456
53.95 3.49585 5.3417 69.2885 2.84936
54 3.76293 5.25431 69.3751 2.85417
54.05 4.02565 5.16023 69.4619 2.85899
54.1 4.28366 5.05959 69.5487 2.86382
54.15 4.53664 4.9525 69.6356 2.86865
54.2 4.78426 4.83909 69.7227 2.87348
54.25 5.02622 4.71948 69.8098 2.87832
54.3 5.26219 4.59382 69.8971 2.88317
54.35 5.49188 4.46227 69.9845 2.88803
54.4 5.715 4.32497 70.0719 2.89289
54.45 5.93124 4.1821 70.1595 2.89775
54.5 6.14035 4.03382 70.2472 2.90262
54.55 6.34204 3.88031 70.335 2.9075
54.6 6.53606 3.72176 70.423 2.91239
54.65 6.72214 3.55836 70.511 2.91728
54.7 6.90006 3.3903 70.5991 2.92217
54.75 7.06958 3.2178 70.6874 2.92708
54.8 7.23047 3.04106 70.7757 2.93199
54.85 7.38252 2.8603 70.8642 2.9369
54.9 7.52553 2.67574 70.9528 2.94182
54.95 7.65932 2.4876 71.0415 2.94675
55 7.7837 2.29611 71.1303 2.95168
55.05 7.89851 2.10152 71.2192 2.95662
55.1 8.00358 1.90406 71.3082 2.96157
55.15 8.09879 1.70397 71.3974 2.96652
55.2 8.18398 1.5015 71.4866 2.97148
55.25 8.25906 1.2969 71.576 2.97644
55.3 8.3239 1.09042 71.6654 2.98141
55.35 8.37843 0.882327 71.755 2.98639
55.4 8.42254 0.672866 71.8447 2.99137
55.45 8.45618 0.462302 71.9345 2.99636
55.5 8.4793 0.250898 72.0244 3.00136
55.55 8.49184 0.0389153 72.1145 3.00636
55.6 8.49379 -0.173381 72.2046 3.01137
55.65 8.48512 -0.385726 72.2949 3.01638
55.7 8.46584 -0.597854 72.3852 3.0214
55.75 8.43594 -0.809499 72.4757 3.02643
55.8 8.39547 -1.0204 72.5663 3.03146
55.85 8.34445 -1.23028 72.657 3.0365
55.9 8.28293 -1.4389 72.7478 3.04155
55.95 8.21099 -1.64597 72.8388 3.0466
56 8.12869 -1.85124 72.9298 3.05166
56.05 8.03613 -2.05446 73.021 3.05672
56.1 7.9334 -2.25536 73.1122 3.06179
56.15 7.82064 -2.4537 73.2036 3.06687
56.2 7.69795 -2.64922 73.2951 3.07195
56.25 7.56549 -2.84166 73.3868 3.07704
56.3 7.42341 -3.0308 73.4785 3.08214
56.35 7.27187 -3.21639 73.5703 3.08724
56.4 7.11105 -3.39818 73.6623 3.09235
56.45 6.94114 -3.57596 73.7544 3.09747
56.5 6.76234 -3.74949 73.8466 3.10259
56.55 6.57487 -3.91855 73.9389 3.10772
56.6 6.37894 -4.08292 74.0313 3.11285
56.65 6.17479 -4.24239 74.1238 3.11799
56.7 5.96267 -4.39676 74.2165 3.12314
56.75 5.74284 -4.54583 74.3093 3.12829
56.8 5.51554 -4.6894 74.4022 3.13345
56.85 5.28107 -4.82729 74.4952 3.13862
56.9 5.03971 -4.95931 74.5883 3.14379
56.95 4.79174 -5.08531 74.6815 3.14897
57 4.53748 -5.2051 74.7749 3.15416
57.05 4.27722 -5.31854 74.8683 3.15935
57.1 4.0113 -5.42547 74.9619 3.16455
57.15 3.74002 -5.52575 75.0556 3.16976
57.2 3.46374 -5.61925 75.1494 3.17497
57.25 3.18277 -5.70585 75.2434 3.18019
57.3 2.89748 -5.78541 75.3374 3.18541
57.35 2.60821 -5.85785 75.4316 3.19064
57.4 2.31532 -5.92306 75.5259 3.19588
57.45 2.01916 -5.98094 75.6203 3.20113
57.5 1.72012 -6.03142 75.7148 3.20638
57.55 1.41855 -6.07442 75.8095 3.21164
57.6 1.11483 -6.10989 75.9042 3.2169
57.65 0.809332 -6.13776 75.9991 3.22217
57.7 0.502444 -6.15799 76.0941 3.22745
57.75 0.194544 -6.17055 76.1892 3.23274
57.8 -0.113983 -6.17541 76.2845 3.23803
57.85 -0.422754 -6.17256 76.3798 3.24332
57.9 -0.731382 -6.162 76.4753 3.24863
57.95 -1.03948 -6.14371 76.5709 3.25394
58 -1.34667 -6.11772 76.6666 3.25926
58.05 -1.65255 -6.08406 76.7624 3.26458
58.1 -1.95676 -6.04274 76.8584 3.26991
58.15 -2.25889 -5.99382 76.9545 3.27525
58.2 -2.55858 -5.93735 77.0507 3.28059
58.25 -2.85545 -5.87339 77.147 3.28594
58.3 -3.14912 -5.802 77.2434 3.2913
58.35 -3.43922 -5.72327 77.34 3.29666
58.4 -3.72539 -5.63729 77.4366 3.30204
58.45 -4.00725 -5.54416 77.5334 3.30741
58.5 -4.28446 -5.44398 77.6303 3.3128
58.55 -4.55666 -5.33687 77.7274 3.31819
58.6 -4.8235 -5.22295 77.8245 3.32359
58.65 -5.08465 -5.10236 77.9218 3.32899
58.7 -5.33977 -4.97525 78.0192 3.3344
58.75 -5.58853 -4.84175 78.1168 3.33982
58.8 -5.83062 -4.70204 78.2144 3.34524
58.85 -6.06572 -4.55627 78.3122 3.35068
58.9 -6.29353 -4.40463 78.4101 3.35611
58.95 -6.51376 -4.24729 78.5081 3.36156
59 -6.72613 -4.08445 78.6062 3.36701
59.05 -6.93035 -3.91629 78.7045 3.37247
59.1 -7.12616 -3.74304 78.8028 3.37794
59.15 -7.31332 -3.56488 78.9013 3.38341
59.2 -7.49156 -3.38205 79 3.38889
59.25 -7.66066 -3.19476 79.0987 3.39437
59.3 -7.8204 -3.00324 79.1976 3.39987
59.35 -7.97056 -2.80773 79.2966 3.40537
59.4 -8.11095 -2.60847 79.3957 3.41087
59.45 -8.24137 -2.40569 79.495 3.41639
59.5 -8.36166 -2.19966 79.5943 3.42191
59.55 -8.47164 -1.99062 79.6938 3.42743
59.6 -8.57117 -1.77883 79.7934 3.43297
59.65 -8.66011 -1.56455 79.8932 3.43851
59.7 -8.73834 -1.34805 79.993 3.44406
59.75 -8.80574 -1.12959 80.093 3.44961
59.8 -8.86222 -0.909444 80.1932 3.45518
59.85 -8.90769 -0.687888 80.2934 3.46074
59.9 -8.94209 -0.465196 80.3938 3.46632
59.95 -8.96535 -0.241644 80.4943 3.4719
60 -8.97743 -0.0175102 80.5949 3.47749
60.05 -8.97831 0.206926 80.6956 3.48309
60.1 -8.96796 0.431383 80.7965 3.48869
60.15 -8.94639 0.655582 80.8975 3.4943
60.2 -8.91361 0.879242 80.9986 3.49992
60.25 -8.86965 1.10208 81.0999 3.50555
60.3 -8.81455 1.32382 81.2012 3.51118
60.35 -8.74835 1.54419 81.3027 3.51682
60.4 -8.67114 1.7629 81.4044 3.52246
60.45 -8.583 1.97967 81.5061 3.52812
60.5 -8.48402 2.19425 81.608 3.53378
60.55 -8.3743 2.40635 81.71 3.53944
60.6 -8.25399 2.61571 81.8121 3.54512
60.65 -8.1232 2.82206 81.9144 3.5508
60.7 -7.9821 3.02514 82.0168 3.55649
60.75 -7.83084 3.22469 82.1193 3.56218
60.8 -7.66961 3.42046 82.222 3.56789
60.85 -7.49858 3.6122 82.3247 3.5736
60.9 -7.31797 3.79967 82.4277 3.57931
60.95 -7.12799 3.98261 82.5307 3.58504
61 -6.92886 4.16081 82.6339 3.59077
61.05 -6.72082 4.33404 82.7371 3.59651
61.1 -6.50412 4.50206 82.8406 3.60225
61.15 -6.27901 4.66466 82.9441 3.60801
61.2 -6.04578 4.82163 83.0478 3.61377
61.25 -5.8047 4.97278 83.1516 3.61953
61.3 -5.55606 5.1179 83.2555 3.62531
61.35 -5.30017 5.2568 83.3596 3.63109
61.4 -5.03733 5.3893 83.4638 3.63688
61.45 -4.76786 5.51524 83.5681 3.64267
61.5 -4.4921 5.63443 83.6726 3.64848
61.55 -4.21038 5.74673 83.7772 3.65429
61.6 -3.92304 5.85199 83.8819 3.66011
61.65 -3.63044 5.95007 83.9868 3.66593
61.7 -3.33294 6.04083 84.0918 3.67176
61.75 -3.0309 6.12415 84.1969 3.6776
61.8 -2.72469 6.19993 84.3021 3.68345
61.85 -2.41469 6.26804 84.4075 3.68931
61.9 -2.10129 6.32841 84.513 3.69517
61.95 -1.78487 6.38094 84.6186 3.70104
62 -1.46582 6.42557 84.7244 3.70691
62.05 -1.14454 6.46221 84.8303 3.7128
62.1 -0.821433 6.49082 84.9364 3.71869
62.15 -0.496892 6.51136 85.0425 3.72458
62.2 -0.171324 6.52378 85.1488 3.73049
62.25 0.154865 6.52807 85.2553 3.7364
62.3 0.481269 6.52419 85.3618 3.74232
62.35 0.807478 6.51216 85.4685 3.74825
62.4 1.13309 6.49198 85.5754 3.75419
62.45 1.45769 6.46365 85.6823 3.76013
62.5 1.78087 6.42721 85.7894 3.76608
62.55 2.10223 6.38268 85.8967 3.77204
62.6 2.42136 6.33013 86.0041 3.778
62.65 2.73787 6.26959 86.1116 3.78398
62.7 3.05135 6.20115 86.2192 3.78996
62.75 3.36141 6.12486 86.327 3.79594
62.8 3.66765 6.04083 86.4349 3.80194
62.85 3.96969 5.94914 86.5429 3.80794
62.9 4.26715 5.8499 86.6511 3.81395
62.95 4.55964 5.74322 86.7594 3.81997
63 4.8468 5.62923 86.8679 3.82599
63.05 5.12826 5.50806 86.9765 3.83203
63.1 5.40367 5.37985 87.0852 3.83807
63.15 5.67266 5.24476 87.194 3.84411
63.2 5.9349 5.10294 87.303 3.85017
63.25 6.19004 4.95457 87.4122 3.85623
63.3 6.43777 4.79982 87.5214 3.8623
63.35 6.67776 4.63887 87.6308 3.86838
63.4 6.90971 4.47193 87.7404 3.87446
63.45 7.1333 4.29919 87.85 3.88056
63.5 7.34826 4.12085 87.9598 3.88666
63.55 7.55431 3.93715 88.0698 3.89277
63.6 7.75116 3.74829 88.1799 3.89888
63.65 7.93858 3.55451 88.2901 3.90501
63.7 8.1163 3.35605 88.4005 3.91114
63.75 8.28411 3.15314 88.511 3.91728
63.8 8.44176 2.94604 88.6216 3.92342
63.85 8.58906 2.73499 88.7324 3.92958
63.9 8.72581 2.52027 88.8433 3.93574
63.95 8.85183 2.30212 88.9544 3.94191
64 8.96693 2.08082 89.0655 3.94809
64.05 9.07097 1.85665 89.1769 3.95427
64.1 9.16381 1.62988 89.2884 3.96046
64.15 9.2453 1.40078 89.4 3.96666
64.2 9.31534 1.16965 89.5117 3.97287
64.25 9.37382 0.936765 89.6236 3.97909
64.3 9.42066 0.70242 89.7356 3.98531
64.35 9.45578 0.466903 89.8478 3.99154
64.4 9.47913 0.230509 89.9601 3.99778
64.45 9.49065 -0.00646956 90.0726 4.00403
64.5 9.49033 -0.243736 90.1852 4.01029
64.55 9.47814 -0.480994 90.2979 4.01655
64.6 9.45409 -0.717948 90.4108 4.02282
64.65 9.41819 -0.9543 90.5238 4.0291
64.7 9.37048 -1.18975 90.6369 4.03538
64.75 9.31099 -1.42402 90.7502 4.04168
64.8 9.23979 -1.65679 90.8637 4.04798
64.85 9.15695 -1.88779 90.9772 4.05429
64.9 9.06256 -2.11671 91.091 4.06061
64.95 8.95673 -2.34327 91.2048 4.06693
65 8.83956 -2.56719 91.3188 4.07327
65.05 8.7112 -2.78818 91.433 4.07961
65.1 8.57179 -3.00596 91.5473 4.08596
65.15 8.4215 -3.22026 91.6617 4.09232
65.2 8.26048 -3.43079 91.7763 4.09868
65.25 8.08894 -3.63731 91.891 4.10506
65.3 7.90708 -3.83953 92.0059 4.11144
65.35 7.7151 -4.03721 92.1209 4.11783
65.4 7.51324 -4.23008 92.236 4.12422
65.45 7.30174 -4.41792 92.3513 4.13063
65.5 7.08084 -4.60046 92.4668 4.13704
65.55 6.85082 -4.77748 92.5823 4.14346
65.6 6.61194 -4.94875 92.6981 4.14989
65.65 6.36451 -5.11405 92.8139 4.15633
65.7 6.1088 -5.27316 92.93 4.16278
65.75 5.84515 -5.42588 93.0461 4.16923
65.8 5.57385 -5.57201 93.1624 4.17569
65.85 5.29525 -5.71136 93.2789 4.18216
65.9 5.00968 -5.84374 93.3955 4.18864
65.95 4.7175 -5.96898 93.5122 4.19512
66 4.41905 -6.08692 93.6291 4.20162
66.05 4.1147 -6.19739 93.7461 4.20812
66.1 3.80483 -6.30026 93.8633 4.21463
66.15 3.48982 -6.39538 93.9807 4.22115
66.2 3.17005 -6.48263 94.0981 4.22767
66.25 2.84592 -6.56188 94.2158 4.23421
66.3 2.51783 -6.63303 94.3335 4.24075
66.35 2.18617 -6.69597 94.4514 4.2473
66.4 1.85138 -6.75063 94.5695 4.25386
66.45 1.51384 -6.79691 94.6877 4.26043
66.5 1.174 -6.83476 94.8061 4.267
66.55 0.832261 -6.86411 94.9246 4.27359
66.6 0.489056 -6.88491 95.0432 4.28018
66.65 0.14481 -6.89714 95.162 4.28678
66.7 -0.200047 -6.90076 95.281 4.29339
66.75 -0.545085 -6.89576 95.4001 4.30001
66.8 -0.889873 -6.88213 95.5194 4.30663
66.85 -1.23398 -6.85989 95.6388 4.31326
66.9 -1.57697 -6.82904 95.7583 4.31991
66.95 -1.91843 -6.78961 95.878 4.32656
67 -2.25791 -6.74165 95.9978 4.33321
67.05 -2.59499 -6.6852 96.1178 4.33988
67.1 -2.92925 -6.62033 96.238 4.34656
67.15 -3.26027 -6.5471 96.3583 4.35324
67.2 -3.58762 -6.46559 96.4787 4.35993
67.25 -3.9109 -6.3759 96.5993 4.36663
67.3 -4.22969 -6.27813 96.7201 4.37334
67.35 -4.5436 -6.17238 96.841 4.38005
67.4 -4.85222 -6.05879 96.962 4.38678
67.45 -5.15516 -5.93749 97.0832 4.39351
67.5 -5.45203 -5.80861 97.2046 4.40026
67.55 -5.74247 -5.67231 97.3261 4.40701
67.6 -6.02608 -5.52875 97.4478 4.41376
67.65 -6.30252 -5.3781 97.5696 4.42053
67.7 -6.57142 -5.22053 97.6915 4.42731
67.75 -6.83245 -5.05625 97.8136 4.43409
67.8 -7.08526 -4.88544 97.9359 4.44088
67.85 -7.32953 -4.7083 98.0583 4.44768
67.9 -7.56495 -4.52507 98.1809 4.45449
67.95 -7.7912 -4.33594 98.3036 4.46131
68 -8.008 -4.14116 98.4265 4.46814
68.05 -8.21506 -3.94096 98.5495 4.47497
68.1 -8.41211 -3.73559 98.6727 4.48182
68.15 -8.59888 -3.52528 98.7961 4.48867
68.2 -8.77515 -3.31031 98.9196 4.49553
68.25 -8.94066 -3.09093 99.0432 4.5024
68.3 -9.09521 -2.86742 99.167 4.50928
68.35 -9.23858 -2.64004 99.291 4.51617
68.4 -9.37058 -2.40907 99.4151 4.52306
68.45 -9.49104 -2.17481 99.5394 4.52996
68.5 -9.59978 -1.93753 99.6638 4.53688
68.55 -9.69665 -1.69754 99.7884 4.5438
68.6 -9.78153 -1.45512 99.9131 4.55073
68.65 -9.85429 -1.21058 100.038 4.55767
68.7 -9.91482 -0.964224 100.163 4.56461
68.75 -9.96303 -0.716354 100.288 4.57157
68.8 -9.99885 -0.467278 100.414 4.57853
68.85 -10.0222 -0.217307 100.539 4.58551
68.9 -10.0331 0.033248 100.665 4.59249
68.95 -10.0314 0.284075 100.791 4.59948
69 -10.0172 0.53486 100.917 4.60648
69.05 -9.99047 0.78529 101.043 4.61349
69.1 -9.9512 1.03505 101.169 4.6205
69.15 -9.89945 1.28383 101.296 4.62753
69.2 -9.83526 1.53132 101.422 4.63456
69.25 -9.75869 1.7772 101.549 4.64161
69.3 -9.66983 2.02117 101.676 4.64866
69.35 -9.56877 2.26291 101.803 4.65572
69.4 -9.45563 2.50213 101.93 4.66279
69.45 -9.33052 2.73852 102.058 4.66987
69.5 -9.19359 2.97179 102.185 4.67695
69.55 -9.045 3.20163 102.313 4.68405
69.6 -8.88492 3.42775 102.441 4.69116
69.65 -8.71354 3.64987 102.569 4.69827
69.7 -8.53104 3.86771 102.697 4.70539
69.75 -8.33766 4.08099 102.825 4.71252
69.8 -8.13361 4.28943 102.954 4.71967
69.85 -7.91914 4.49277 103.083 4.72681
69.9 -7.6945 4.69075 103.212 4.73397
69.95 -7.45996 4.88311 103.341 4.74114
70 -7.2158 5.06961 103.47 4.74832
70.05 -6.96232 5.25 103.599 4.7555
70.1 -6.69982 5.42406 103.729 4.7627
70.15 -6.42862 5.59156 103.858 4.7699
70.2 -6.14904 5.75227 103.988 4.77711
70.25 -5.86143 5.906 104.118 4.78433
70.3 -5.56613 6.05254 104.248 4.79156
70.35 -5.2635 6.19169 104.378 4.7988
70.4 -4.95392 6.32328 104.509 4.80605
70.45 -4.63775 6.44712 104.64 4.81331
70.5 -4.3154 6.56307 104.77 4.82058
70.55 -3.98724 6.67095 104.901 4.82785
70.6 -3.6537 6.77063 105.032 4.83514
70.65 -3.31516 6.86198 105.164 4.84243
70.7 -2.97207 6.94486 105.295 4.84973
70.75 -2.62482 7.01916 105.427 4.85705
70.8 -2.27387 7.08478 105.559 4.86437
70.85 -1.91963 7.14162 105.691 4.8717
70.9 -1.56255 7.18962 105.823 4.87904
70.95 -1.20306 7.22868 105.955 4.88639
71 -0.84163 7.25876 106.087 4.89374
71.05 -0.478693 7.2798 106.22 4.90111
71.1 -0.114703 7.29176 106.353 4.90849
71.15 0.249885 7.29463 106.486 4.91587
71.2 0.614617 7.28838 106.619 4.92327
71.25 0.979036 7.27302 106.752 4.93067
71.3 1.34269 7.24854 106.886 4.93809
71.35 1.70511 7.21498 107.019 4.94551
71.4 2.06586 7.17235 107.153 4.95294
71.45 2.42448 7.1207 107.287 4.96038
71.5 2.78052 7.06009 107.421 4.96783
71.55 3.13352 6.99058 107.555 4.97529
71.6 3.48305 6.91224 107.69 4.98276
71.65 3.82866 6.82516 107.824 4.99024
71.7 4.16992 6.72945 107.959 4.99773
71.75 4.50639 6.6252 108.094 5.00522
71.8 4.83765 6.51254 108.229 5.01273
71.85 5.16328 6.3916 108.364 5.02025
71.9 5.48286 6.26251 108.5 5.02777
71.95 5.79598 6.12544 108.636 5.03531
72 6.10226 5.98054 108.771 5.04285
72.05 6.40128 5.82799 108.907 5.0504
72.1 6.69268 5.66795 109.043 5.05797
72.15 6.97608 5.50064 109.18 5.06554
72.2 7.25111 5.32624 109.316 5.07312
72.25 7.51742 5.14496 109.453 5.08071
72.3 7.77467 4.95702 109.59 5.08831
72.35 8.02252 4.76266 109.727 5.09592
72.4 8.26066 4.56209 109.864 5.10354
72.45 8.48876 4.35558 110.001 5.11117
72.5 8.70654 4.14336 110.139 5.11881
72.55 8.91371 3.92569 110.276 5.12646
72.6 9.10999 3.70285 110.414 5.13412
72.65 9.29513 3.4751 110.552 5.14179
72.7 9.46889 3.24272 110.69 5.14946
72.75 9.63102 3.006 110.829 5.15715
72.8 9.78132 2.76523 110.967 5.16485
72.85 9.91959 2.52069 111.106 5.17255
72.9 10.0456 2.2727 111.245 5.18027
72.95 10.1593 2.02156 111.384 5.18799
73 10.2603 1.76758 111.523 5.19573
73.05 10.3487 1.51107 111.663 5.20347
73.1 10.4243 1.25235 111.802 5.21123
73.15 10.4869 0.991748 111.942 5.21899
73.2 10.5365 0.729576 112.082 5.22677
73.25 10.573 0.466164 112.222 5.23455
73.3 10.5963 0.20184 112.362 5.24234
73.35 10.6064 -0.0630664 112.503 5.25015
73.4 10.6032 -0.328225 112.643 5.25796
73.45 10.5868 -0.593305 112.784 5.26578
73.5 10.5571 -0.857975 112.925 5.27361
73.55 10.5142 -1.1219 113.066 5.28146
73.6 10.4581 -1.38476 113.208 5.28931
73.65 10.3889 -1.64621 113.349 5.29717
73.7 10.3066 -1.90593 113.491 5.30504
73.75 10.2113 -2.1636 113.633 5.31292
73.8 10.1031 -2.41888 113.775 5.32081
73.85 9.98216 -2.67146 113.917 5.32871
73.9 9.84859 -2.92101 114.059 5.33662
73.95 9.70253 -3.16723 114.202 5.34455
74 9.54417 -3.40979 114.345 5.35248
74.05 9.37368 -3.64839 114.488 5.36042
74.1 9.19126 -3.88274 114.631 5.36837
74.15 8.99713 -4.11252 114.774 5.37633
74.2 8.7915 -4.33745 114.917 5.3843
74.25 8.57463 -4.55723 115.061 5.39228
74.3 8.34677 -4.7716 115.205 5.40027
74.35 8.10819 -4.98027 115.349 5.40827
74.4 7.85917 -5.18297 115.493 5.41628
74.45 7.60003 -5.37945 115.637 5.4243
74.5 7.33105 -5.56945 115.782 5.43233
74.55 7.05258 -5.75273 115.927 5.44037
74.6 6.76494 -5.92904 116.072 5.44842
74.65 6.46849 -6.09817 116.217 5.45648
74.7 6.16358 -6.25988 116.362 5.46455
74.75 5.85059 -6.41397 116.507 5.47263
74.8 5.52989 -6.56023 116.653 5.48072
74.85 5.20188 -6.69848 116.799 5.48882
74.9 4.86695 -6.82853 116.945 5.49694
74.95 4.52553 -6.9502 117.091 5.50506
75 4.17802 -7.06334 117.237 5.51319
75.05 3.82485 -7.16779 117.384 5.52133
75.1 3.46646 -7.26341 117.531 5.52948
75.15 3.10329 -7.35007 117.678 5.53764
75.2 2.73579 -7.42766 117.825 5.54582
75.25 2.3644 -7.49605 117.972 5.554
75.3 1.9896 -7.55516 118.119 5.56219
75.35 1.61184 -7.6049 118.267 5.57039
75.4 1.2316 -7.6452 118.415 5.57861
75.45 0.849339 -7.67599 118.563 5.58683
75.5 0.46554 -7.69722 118.711 5.59506
75.55 0.0806787 -7.70886 118.86 5.60331
75.6 -0.304764 -7.71088 119.008 5.61156
75.65 -0.690308 -7.70326 119.157 5.61983
75.7 -1.07547 -7.686 119.306 5.6281
75.75 -1.45977 -7.65911 119.455 5.63639
75.8 -1.84273 -7.62262 119.604 5.64468
75.85 -2.22386 -7.57655 119.754 5.65299
75.9 -2.60268 -7.52095 119.903 5.6613
75.95 -2.97873 -7.45589 120.053 5.66963
76 -3.35153 -7.38142 120.203 5.67797
76.05 -3.7206 -7.29763 120.354 5.68631
76.1 -4.08548 -7.20461 120.504 5.69467
76.15 -4.44571 -7.10248 120.655 5.70304
76.2 -4.80083 -6.99134 120.806 5.71142
76.25 -5.1504 -6.87131 120.957 5.71981
76.3 -5.49397 -6.74255 121.108 5.72821
76.35 -5.83109 -6.60521 121.259 5.73662
76.4 -6.16135 -6.45943 121.411 5.74504
76.45 -6.48433 -6.30539 121.562 5.75347
76.5 -6.7996 -6.14329 121.714 5.76191
76.55 -7.10676 -5.9733 121.867 5.77036
76.6 -7.40542 -5.79563 122.019 5.77883
76.65 -7.69521 -5.61049 122.171 5.7873
76.7 -7.97573 -5.41811 122.324 5.79578
76.75 -8.24664 -5.21872 122.477 5.80428
76.8 -8.50757 -5.01255 122.63 5.81279
76.85 -8.7582 -4.79986 122.783 5.8213
76.9 -8.99819 -4.58091 122.937 5.82983
76.95 -9.22724 -4.35595 123.091 5.83836
77 -9.44504 -4.12527 123.244 5.84691
77.05 -9.6513 -3.88915 123.398 5.85547
77.1 -9.84576 -3.64786 123.553 5.86404
77.15 -10.0281 -3.40172 123.707 5.87262
77.2 -10.1982 -3.15102 123.862 5.88121
77.25 -10.3558 -2.89606 124.017 5.88981
77.3 -10.5006 -2.63717 124.172 5.89843
77.35 -10.6324 -2.37465 124.327 5.90705
77.4 -10.7512 -2.10884 124.482 5.91568
77.45 -10.8566 -1.84006 124.638 5.92433
77.5 -10.9486 -1.56864 124.794 5.93298
77.55 -11.0271 -1.29493 124.95 5.94165
77.6 -11.0918 -1.01925 125.106 5.95033
77.65 -11.1428 -0.741957 125.262 5.95901
77.7 -11.1799 -0.463388 125.419 5.96771
77.75 -11.203 -0.183891 125.576 5.97642
77.8 -11.2122 0.0961844 125.733 5.98514
77.85 -11.2074 0.37649 125.89 5.99387
77.9 -11.1886 0.656676 126.047 6.00262
77.95 -11.1558 0.93639 126.205 6.01137
78 -11.1089 1.21528 126.362 6.02013
78.05 -11.0482 1.49301 126.52 6.02891
78.1 -10.9735 1.76921 126.679 6.0377
78.15 -10.8851 2.04355 126.837 6.04649
78.2 -10.7829 2.31568 126.995 6.0553
78.25 -10.6671 2.58525 127.154 6.06412
78.3 -10.5378 2.85193 127.313 6.07295
78.35 -10.3952 3.11537 127.472 6.08179
78.4 -10.2395 3.37525 127.632 6.09064
78.45 -10.0707 3.63124 127.791 6.09951
78.5 -9.88915 3.88301 127.951 6.10838
78.55 -9.695 4.13024 128.111 6.11727
78.6 -9.48849 4.37261 128.271 6.12616
78.65 -9.26986 4.60983 128.431 6.13507
78.7 -9.03937 4.84157 128.592 6.14399
78.75 -8.79729 5.06756 128.753 6.15292
78.8 -8.54391 5.28749 128.913 6.16186
78.85 -8.27954 5.50109 129.075 6.17081
78.9 -8.00448 5.70807 129.236 6.17978
78.95 -7.71908 5.90819 129.398 6.18875
79 -7.42367 6.10116 129.559 6.19774
79.05 -7.11861 6.28676 129.721 6.20673
79.1 -6.80427 6.46472 129.883 6.21574
79.15 -6.48104 6.63483 130.046 6.22476
79.2 -6.1493 6.79685 130.208 6.23379
79.25 -5.80945 6.95059 130.371 6.24284
79.3 -5.46192 7.09582 130.534 6.25189
79.35 -5.10713 7.23237 130.697 6.26095
79.4 -4.74552 7.36005 130.861 6.27003
79.45 -4.37751 7.47869 131.024 6.27912
79.5 -4.00358 7.58812 131.188 6.28822
79.55 -3.62417 7.68821 131.352 6.29733
79.6 -3.23976 7.77882 131.516 6.30645
79.65 -2.85082 7.85981 131.68 6.31558
79.7 -2.45783 7.93108 131.845 6.32473
79.75 -2.06128 7.99253 132.01 6.33388
79.8 -1.66165 8.04406 132.175 6.34305
79.85 -1.25945 8.0856 132.34 6.35223
79.9 -0.855166 8.11709 132.506 6.36142
79.95 -0.449312 8.13847 132.671 6.37062
80 -0.0423888 8.1497 132.837 6.37983
80.05 0.365096 8.15076 133.003 6.38906
80.1 0.772634 8.14163 133.169 6.39829
80.15 1.17972 8.12232 133.336 6.40754
80.2 1.58583 8.09282 133.502 6.4168
80.25 1.99047 8.05318 133.669 6.42607
80.3 2.39313 8.00342 133.836 6.43536
80.35 2.7933 7.94359 134.004 6.44465
80.4 3.19048 7.87375 134.171 6.45396
80.45 3.58417 7.79399 134.339 6.46327
80.5 3.97387 7.70439 134.507 6.4726
80.55 4.35909 7.60504 134.675 6.48194
80.6 4.73934 7.49606 134.843 6.49129
80.65 5.11414 7.37758 135.012 6.50066
80.7 5.48302 7.24973 135.181 6.51003
80.75 5.84551 7.11265 135.35 6.51942
80.8 6.20114 6.96651 135.519 6.52882
80.85 6.54947 6.81149 135.688 6.53823
80.9 6.89004 6.64775 135.858 6.54766
80.95 7.22243 6.4755 136.028 6.55709
81 7.5462 6.29494 136.198 6.56654
81.05 7.86095 6.10628 136.368 6.57599
81.1 8.16626 5.90976 136.538 6.58546
81.15 8.46175 5.7056 136.709 6.59495
81.2 8.74703 5.49406 136.88 6.60444
81.25 9.02174 5.27538 137.051 6.61395
81.3 9.2855 5.04984 137.222 6.62346
81.35 9.538 4.8177 137.394 6.63299
81.4 9.77888 4.57925 137.566 6.64253
81.45 10.0078 4.33478 137.738 6.65209
81.5 10.2246 4.08458 137.91 6.66165
81.55 10.4288 3.82897 138.082 6.67123
81.6 10.6203 3.56825 138.255 6.68082
81.65 10.7987 3.30274 138.428 6.69042
81.7 10.9638 3.03277 138.601 6.70003
81.75 11.1154 2.75868 138.774 6.70966
81.8 11.2534 2.48079 138.947 6.71929
81.85 11.3774 2.19946 139.121 6.72894
81.9 11.4874 1.91502 139.295 6.7386
81.95 11.5831 1.62784 139.469 6.74828
82 11.6645 1.33826 139.643 6.75796
82.05 11.7315 1.04665 139.818 6.76766
82.1 11.7838 0.753359 139.993 6.77737
82.15 11.8215 0.458765 140.168 6.78709
82.2 11.8444 0.163229 140.343 6.79683
82.25 11.8526 -0.132881 140.518 6.80657
82.3 11.8459 -0.429195 140.694 6.81633
82.35 11.8244 -0.725343 140.87 6.8261
82.4 11.7882 -1.02095 141.046 6.83588
82.45 11.7371 -1.31566 141.222 6.84568
82.5 11.6713 -1.60909 141.399 6.85548
82.55 11.5909 -1.90087 141.575 6.8653
82.6 11.4959 -2.19064 141.752 6.87514
82.65 11.3863 -2.47804 141.93 6.88498
82.7 11.2624 -2.7627 142.107 6.89484
82.75 11.1243 -3.04426 142.285 6.9047
82.8 10.9721 -3.32236 142.463 6.91459
82.85 10.806 -3.59667 142.641 6.92448
82.9 10.6261 -3.86682 142.819 6.93438
82.95 10.4328 -4.13247 142.997 6.9443
83 10.2262 -4.39329 143.176 6.95423
83.05 10.0065 -4.64894 143.355 6.96418
83.1 9.77404 -4.8991 143.534 6.97413
83.15 9.52909 -5.14345 143.714 6.9841
83.2 9.27192 -5.38168 143.893 6.99408
83.25 9.00283 -5.61348 144.073 7.00407
83.3 8.72216 -5.83855 144.253 7.01408
83.35 8.43023 -6.0566 144.434 7.02409
83.4 8.1274 -6.26736 144.614 7.03412
83.45 7.81403 -6.47055 144.795 7.04417
83.5 7.4905 -6.6659 144.976 7.05422
83.55 7.15721 -6.85316 145.157 7.06429
83.6 6.81455 -7.03209 145.339 7.07437
83.65 6.46295 -7.20245 145.52 7.08446
83.7 6.10282 -7.36403 145.702 7.09457
83.75 5.73462 -7.5166 145.884 7.10469
83.8 5.35879 -7.65996 146.067 7.11482
83.85 4.97579 -7.79393 146.249 7.12496
83.9 4.5861 -7.91833 146.432 7.13512
83.95 4.19018 -8.03298 146.615 7.14529
84 3.78853 -8.13773 146.798 7.15547
84.05 3.38165 -8.23245 146.982 7.16566
84.1 2.97002 -8.31699 147.166 7.17587
84.15 2.55417 -8.39124 147.35 7.18609
84.2 2.13461 -8.45509 147.534 7.19632
84.25 1.71186 -8.50846 147.718 7.20657
84.3 1.28643 -8.55126 147.903 7.21683
84.35 0.858872 -8.58342 148.088 7.2271
84.4 0.429701 -8.60489 148.273 7.23738
84.45 -0.000543147 -8.61563 148.458 7.24768
84.5 -0.431325 -8.61562 148.644 7.25799
84.55 -0.862106 -8.60483 148.83 7.26831
84.6 -1.29235 -8.58328 149.016 7.27864
84.65 -1.72151 -8.55097 149.202 7.28899
84.7 -2.14906 -8.50793 149.388 7.29935
84.75 -2.57446 -8.45421 149.575 7.30973
84.8 -2.99717 -8.38985 149.762 7.32012
84.85 -3.41666 -8.31492 149.949 7.33052
84.9 -3.83241 -8.2295 150.137 7.34093
84.95 -4.24388 -8.13369 150.324 7.35135
85 -4.65056 -8.02759 150.512 7.36179
85.05 -5.05194 -7.91133 150.7 7.37225
85.1 -5.44751 -7.78503 150.889 7.38271
85.15 -5.83676 -7.64884 151.077 7.39319
85.2 -6.2192 -7.50292 151.266 7.40368
85.25 -6.59435 -7.34744 151.455 7.41419
85.3 -6.96172 -7.18259 151.645 7.4247
85.35 -7.32085 -7.00854 151.834 7.43523
85.4 -7.67128 -6.82552 152.024 7.44578
85.45 -8.01256 -6.63374 152.214 7.45634
85.5 -8.34424 -6.43343 152.404 7.46691
85.55 -8.66591 -6.22482 152.595 7.47749
85.6 -8.97716 -6.00817 152.786 7.48809
85.65 -9.27756 -5.78374 152.977 7.4987
85.7 -9.56675 -5.5518 153.168 7.50932
85.75 -9.84434 -5.31263 153.359 7.51996
85.8 -10.11 -5.06653 153.551 7.53061
85.85 -10.3633 -4.81378 153.743 7.54127
85.9 -10.604 -4.55469 153.935 7.55195
85.95 -10.8317 -4.28959 154.127 7.56264
86 -11.0462 -4.0188 154.32 7.57334
86.05 -11.2471 -3.74265 154.513 7.58406
86.1 -11.4343 -3.46147 154.706 7.59479
86.15 -11.6073 -3.17561 154.9 7.60553
86.2 -11.7661 -2.88543 155.093 7.61629
86.25 -11.9104 -2.59127 155.287 7.62706
86.3 -12.04 -2.29351 155.481 7.63784
86.35 -12.1546 -1.99252 155.675 7.64864
86.4 -12.2543 -1.68865 155.87 7.65945
86.45 -12.3387 -1.38229 156.065 7.67027
86.5 -12.4078 -1.07383 156.26 7.68111
86.55 -12.4615 -0.76363 156.455 7.69196
86.6 -12.4997 -0.452092 156.651 7.70283
86.65 -12.5223 -0.1396 156.847 7.71371
86.7 -12.5293 0.173457 157.043 7.7246
86.75 -12.5206 0.486689 157.239 7.7355
86.8 -12.4963 0.799704 157.436 7.74642
86.85 -12.4563 1.11211 157.632 7.75736
86.9 -12.4007 1.42352 157.829 7.7683
86.95 -12.3295 1.73353 158.027 7.77926
87 -12.2428 2.04177 158.224 7.79024
87.05 -12.1407 2.34784 158.422 7.80123
87.1 -12.0233 2.65136 158.62 7.81223
87.15 -11.8908 2.95194 158.818 7.82324
87.2 -11.7432 3.24921 159.017 7.83427
87.25 -11.5807 3.54279 159.216 7.84531
87.3 -11.4036 3.83231 159.415 7.85637
87.35 -11.212 4.1174 159.614 7.86744
87.4 -11.0061 4.3977 159.813 7.87853
87.45 -10.7862 4.67285 160.013 7.88962
87.5 -10.5526 4.94251 160.213 7.90074
87.55 -10.3054 5.20632 160.414 7.91186
87.6 -10.0451 5.46396 160.614 7.923
87.65 -9.77192 5.71508 160.815 7.93416
87.7 -9.48617 5.95938 161.016 7.94532
87.75 -9.1882 6.19654 161.217 7.9565
87.8 -8.87837 6.42624 161.419 7.9677
87.85 -8.55706 6.6482 161.62 7.97891
87.9 -8.22465 6.86213 161.822 7.99013
87.95 -7.88154 7.06774 162.025 8.00137
88 -7.52816 7.26478 162.227 8.01262
88.05 -7.16492 7.45298 162.43 8.02389
88.1 -6.79227 7.63211 162.633 8.03517
88.15 -6.41066 7.80191 162.836 8.04646
88.2 -6.02057 7.96218 163.04 8.05777
88.25 -5.62246 8.1127 163.244 8.06909
88.3 -5.21682 8.25326 163.448 8.08043
88.35 -4.80416 8.38368 163.652 8.09178
88.4 -4.38498 8.50378 163.857 8.10314
88.45 -3.95979 8.61341 164.061 8.11452
88.5 -3.52912 8.7124 164.266 8.12592
88.55 -3.0935 8.80063 164.472 8.13732
88.6 -2.65346 8.87797 164.677 8.14875
88.65 -2.20957 8.9443 164.883 8.16018
88.7 -1.76235 8.99954 165.089 8.17163
88.75 -1.31237 9.0436 165.296 8.1831
88.8 -0.860194 9.07641 165.502 8.19458
88.85 -0.406374 9.09791 165.709 8.20607
88.9 0.0485219 9.10807 165.916 8.21758
88.95 0.503926 9.10686 166.124 8.2291
89 0.959269 9.09426 166.331 8.24063
89.05 1.41398 9.07028 166.539 8.25219
89.1 1.8675 9.03493 166.748 8.26375
89.15 2.31924 8.98824 166.956 8.27533
89.2 2.76865 8.93026 167.165 8.28692
89.25 3.21517 8.86105 167.374 8.29853
89.3 3.65822 8.78067 167.583 8.31016
89.35 4.09725 8.68921 167.792 8.32179
89.4 4.53171 8.58678 168.002 8.33345
89.45 4.96105 8.47349 168.212 8.34511
89.5 5.38473 8.34946 168.422 8.35679
89.55 5.8022 8.21484 168.633 8.36849
89.6 6.21294 8.06979 168.844 8.3802
89.65 6.61643 7.91446 169.055 8.39193
89.7 7.01216 7.74905 169.266 8.40367
89.75 7.39961 7.57375 169.478 8.41542
89.8 7.7783 7.38876 169.689 8.42719
89.85 8.14773 7.1943 169.902 8.43897
89.9 8.50745 6.99061 170.114 8.45077
89.95 8.85698 6.77792 170.327 8.46259
90 9.19588 6.5565 170.539 8.47441
90.05 9.5237 6.3266 170.753 8.48626
90.1 9.84003 6.08851 170.966 8.49812
90.15 10.1445 5.84251 171.18 8.50999
90.2 10.4366 5.5889 171.394 8.52188
90.25 10.716 5.32798 171.608 8.53378
90.3 10.9824 5.06008 171.823 8.54569
90.35 11.2354 4.78552 172.037 8.55763
90.4 11.4747 4.50464 172.252 8.56957
90.45 11.6999 4.21777 172.468 8.58154
90.5 11.9108 3.92527 172.683 8.59351
90.55 12.1071 3.6275 172.899 8.6055
90.6 12.2885 3.32482 173.115 8.61751
90.65 12.4547 3.01761 173.332 8.62953
90.7 12.6056 2.70624 173.548 8.64157
90.75 12.7409 2.3911 173.765 8.65362
90.8 12.8605 2.07258 173.982 8.66569
90.85 12.9641 1.75107 174.2 8.67777
90.9 13.0516 1.42697 174.418 8.68987
90.95 13.123 1.10068 174.636 8.70198
91 13.178 0.772601 174.854 8.71411
91.05 13.2166 0.443151 175.073 8.72625
91.1 13.2388 0.112735 175.291 8.73841
91.15 13.2444 -0.218235 175.51 8.75058
91.2 13.2335 -0.549346 175.73 8.76277
91.25 13.2061 -0.880185 175.95 8.77497
91.3 13.1621 -1.21034 176.169 8.78719
91.35 13.1015 -1.53939 176.39 8.79943
91.4 13.0246 -1.86693 176.61 8.81168
91.45 12.9312 -2.19254 176.831 8.82394
91.5 12.8216 -2.51582 177.052 8.83622
91.55 12.6958 -2.83636 177.273 8.84852
91.6 12.554 -3.15376 177.495 8.86083
91.65 12.3963 -3.46761 177.717 8.87315
91.7 12.2229 -3.77751 177.939 8.88549
91.75 12.034 -4.08309 178.161 8.89785
91.8 11.8299 -4.38394 178.384 8.91022
91.85 11.6107 -4.67968 178.607 8.92261
91.9 11.3767 -4.96995 178.83 8.93501
91.95 11.1282 -5.25437 179.054 8.94743
92 10.8655 -5.53257 179.278 8.95987
92.05 10.5889 -5.80421 179.502 8.97232
92.1 10.2987 -6.06893 179.726 8.98478
92.15 9.9952 -6.3264 179.951 8.99726
92.2 9.67888 -6.57628 180.176 9.00976
92.25 9.35007 -6.81825 180.401 9.02227
92.3 9.00916 -7.052 180.626 9.0348
92.35 8.65656 -7.27723 180.852 9.04734
92.4 8.2927 -7.49365 181.078 9.0599
92.45 7.91801 -7.70096 181.305 9.07248
92.5 7.53296 -7.89891 181.531 9.08507
92.55 7.13802 -8.08724 181.758 9.09767
92.6 6.73366 -8.26569 181.985 9.1103
92.65 6.32037 -8.43403 182.213 9.12293
92.7 5.89867 -8.59204 182.441 9.13559
92.75 5.46907 -8.73951 182.669 9.14826
92.8 5.03209 -8.87623 182.897 9.16094
92.85 4.58828 -9.00203 183.126 9.17364
92.9 4.13818 -9.11674 183.354 9.18636
92.95 3.68234 -9.2202 183.584 9.19909
93 3.22133 -9.31225 183.813 9.21184
93.05 2.75572 -9.39279 184.043 9.22461
93.1 2.28608 -9.46168 184.273 9.23739
93.15 1.813 -9.51883 184.503 9.25018
93.2 1.33706 -9.56416 184.734 9.263
93.25 0.858848 -9.59758 184.965 9.27583
93.3 0.378969 -9.61906 185.196 9.28867
93.35 -0.101984 -9.62853 185.428 9.30153
93.4 -0.58341 -9.62598 185.659 9.31441
93.45 -1.06471 -9.6114 185.891 9.3273
93.5 -1.54528 -9.58478 186.124 9.34021
93.55 -2.02452 -9.54615 186.356 9.35314
93.6 -2.50182 -9.49553 186.589 9.36608
93.65 -2.9766 -9.43299 186.823 9.37904
93.7 -3.44825 -9.35857 187.056 9.39201
93.75 -3.91618 -9.27237 187.29 9.405
93.8 -4.3798 -9.17446 187.524 9.41801
93.85 -4.83852 -9.06497 187.759 9.43103
93.9 -5.29177 -8.944 187.993 9.44407
93.95 -5.73897 -8.81171 188.228 9.45712
94 -6.17955 -8.66823 188.463 9.47019
94.05 -6.61297 -8.51375 188.699 9.48328
94.1 -7.03865 -8.34842 188.935 9.49638
94.15 -7.45607 -8.17246 189.171 9.50951
94.2 -7.8647 -7.98605 189.408 9.52264
94.25 -8.264 -7.78944 189.644 9.5358
94.3 -8.65347 -7.58284 189.881 9.54897
94.35 -9.03261 -7.3665 190.119 9.56215
94.4 -9.40094 -7.14068 190.356 9.57535
94.45 -9.75797 -6.90566 190.594 9.58857
94.5 -10.1033 -6.66171 190.833 9.60181
94.55 -10.4363 -6.40913 191.071 9.61506
94.6 -10.7568 -6.14822 191.31 9.62833
94.65 -11.0642 -5.8793 191.549 9.64162
94.7 -11.3582 -5.6027 191.789 9.65492
94.75 -11.6383 -5.31874 192.028 9.66824
94.8 -11.9042 -5.02778 192.268 9.68157
94.85 -12.1556 -4.73018 192.509 9.69492
94.9 -12.3921 -4.42629 192.749 9.70829
94.95 -12.6135 -4.11648 192.99 9.72168
95 -12.8193 -3.80115 193.231 9.73508
95.05 -13.0093 -3.48066 193.473 9.7485
95.1 -13.1834 -3.15543 193.715 9.76193
95.15 -13.3411 -2.82585 193.957 9.77539
95.2 -13.4824 -2.49232 194.199 9.78886
95.25 -13.6071 -2.15526 194.442 9.80234
95.3 -13.7148 -1.81508 194.685 9.81584
95.35 -13.8056 -1.47221 194.929 9.82936
95.4 -13.8792 -1.12707 195.172 9.8429
95.45 -13.9355 -0.780092 195.416 9.85646
95.5 -13.9745 -0.431703 195.66 9.87003
95.55 -13.9961 -0.08234 195.905 9.88361
95.6 -14.0002 0.267563 196.15 9.89722
95.65 -13.9869 0.617569 196.395 9.91084
95.7 -13.956 0.967241 196.641 9.92448
95.75 -13.9076 1.31614 196.886 9.93813
95.8 -13.8418 1.66383 197.133 9.95181
95.85 -13.7586 2.00988 197.379 9.9655
95.9 -13.6581 2.35384 197.626 9.9792
95.95 -13.5404 2.6953 197.873 9.99293
96 -13.4057 3.03381 198.12 10.0067
96.05 -13.254 3.36895 198.368 10.0204
96.1 -13.0855 3.7003 198.616 10.0342
96.15 -12.9005 4.02744 198.864 10.048
96.2 -12.6991 4.34995 199.112 10.0618
96.25 -12.4817 4.66743 199.361 10.0756
96.3 -12.2483 4.97947 199.611 10.0895
96.35 -11.9993 5.28568 199.86 10.1033
96.4 -11.735 5.58566 200.11 10.1172
96.45 -11.4557 5.87903 200.36 10.1311
96.5 -11.1618 6.16543 200.61 10.145
96.55 -10.8535 6.44447 200.861 10.159
96.6 -10.5313 6.71581 201.112 10.1729
96.65 -10.1955 6.97909 201.364 10.1869
96.7 -9.84655 7.23398 201.615 10.2009
96.75 -9.48485 7.48014 201.867 10.2149
96.8 -9.11084 7.71726 202.12 10.2289
96.85 -8.72498 7.94504 202.372 10.2429
96.9 -8.32773 8.16316 202.625 10.257
96.95 -7.91957 8.37135 202.879 10.271
97 -7.501 8.56934 203.132 10.2851
97.05 -7.07253 8.75687 203.386 10.2992
97.1 -6.63469 8.93368 203.64 10.3134
97.15 -6.18801 9.09955 203.895 10.3275
97.2 -5.73303 9.25425 204.15 10.3417
97.25 -5.27032 9.39757 204.405 10.3558
97.3 -4.80044 9.52933 204.661 10.37
97.35 -4.32397 9.64934 204.916 10.3842
97.4 -3.8415 9.75744 205.173 10.3985
97.45 -3.35363 9.85348 205.429 10.4127
97.5 -2.86096 9.93732 205.686 10.427
97.55 -2.36409 10.0088 205.943 10.4413
97.6 -1.86365 10.0679 206.2 10.4556
97.65 -1.36025 10.1145 206.458 10.4699
97.7 -0.854525 10.1485 206.716 10.4842
97.75 -0.347098 10.1699 206.975 10.4986
97.8 0.161397 10.1786 207.233 10.513
97.85 0.670327 10.1746 207.492 10.5273
97.9 1.17905 10.1578 207.752 10.5418
97.95 1.68694 10.1283 208.011 10.5562
98 2.19336 10.0861 208.271 10.5706
98.05 2.69767 10.0313 208.532 10.5851
98.1 3.19923 9.96387 208.792 10.5996
98.15 3.69743 9.88389 209.053 10.6141
98.2 4.19162 9.79145 209.315 10.6286
98.25 4.68119 9.68666 209.576 10.6431
98.3 5.16553 9.56963 209.838 10.6577
98.35 5.64401 9.44049 210.101 10.6723
98.4 6.11603 9.29939 210.363 10.6868
98.45 6.581 9.14649 210.626 10.7015
98.5 7.03833 8.98197 210.889 10.7161
98.55 7.48742 8.80601 211.153 10.7307
98.6 7.92772 8.61882 211.417 10.7454
98.65 8.35866 8.42063 211.681 10.7601
98.7 8.7797 8.21166 211.946 10.7748
98.75 9.19028 7.99217 212.211 10.7895
98.8 9.58989 7.76241 212.476 10.8042
98.85 9.97801 7.52267 212.742 10.819
98.9 10.3541 7.27322 213.008 10.8338
98.95 10.7178 7.01436 213.274 10.8485
99 11.0685 6.74642 213.54 10.8634
99.05 11.4058 6.4697 213.807 10.8782
99.1 11.7293 6.18456 214.075 10.893
99.15 12.0386 5.89132 214.342 10.9079
99.2 12.3331 5.59036 214.61 10.9228
99.25 12.6126 5.28203 214.878 10.9377
99.3 12.8767 4.96672 215.147 10.9526
99.35 13.1251 4.6448 215.416 10.9676
99.4 13.3573 4.31667 215.685 10.9825
99.45 13.5731 3.98274 215.955 10.9975
99.5 13.7723 3.64341 216.225 11.0125
99.55 13.9545 3.2991 216.495 11.0275
99.6 14.1194 2.95024 216.766 11.0425
99.65 14.2669 2.59726 217.037 11.0576
99.7 14.3968 2.24058 217.308 11.0727
99.75 14.5088 1.88066 217.58 11.0878
99.8 14.6028 1.51794 217.852 11.1029
99.85 14.6787 1.15287 218.124 11.118
99.9 14.7364 0.785903 218.396 11.1331
99.95 14.7757 0.417493 218.669 11.1483
100 14.7966 0.0481006 218.943 11.1635
