#t         x         v         E        delta_E/E(0)
0 0 0.5 2 0
0.05 0.025 0.496934 2.00007 3.69536e-05
0.1 0.0496934 0.487756 2.00013 6.52163e-05
0.15 0.0737766 0.472578 2.00013 6.43511e-05
0.2 0.0969531 0.451587 2.00001 5.95672e-06
0.25 0.118938 0.425041 1.99972 -0.000139061
0.3 0.139461 0.393265 1.99921 -0.000392507
0.35 0.158269 0.356651 1.99848 -0.000761861
0.4 0.175131 0.315649 1.99753 -0.00123571
0.45 0.18984 0.270763 1.99643 -0.00178264
0.5 0.202214 0.222544 1.99529 -0.00235407
0.55 0.212101 0.171587 1.99422 -0.00289042
0.6 0.21938 0.118517 1.99334 -0.00332985
0.65 0.223961 0.0639872 1.99276 -0.00361779
0.7 0.225787 0.00866843 1.99257 -0.00371565
0.75 0.224836 -0.0467591 1.99279 -0.00360708
0.8 0.22112 -0.101613 1.9934 -0.00330066
0.85 0.214683 -0.15522 1.99434 -0.00282847
0.9 0.205606 -0.20692 1.99552 -0.00224089
0.95 0.194 -0.256076 1.9968 -0.00159851
1 0.180006 -0.302084 1.99807 -0.000962634
1.05 0.163798 -0.344379 1.99923 -0.000386162
1.1 0.145575 -0.382439 2.00019 9.35833e-05
1.15 0.125561 -0.415796 2.00092 0.000458811
1.2 0.104001 -0.444041 2.00142 0.000711392
1.25 0.0811614 -0.466824 2.00174 0.000869301
1.3 0.0573226 -0.483867 2.00192 0.000960206
1.35 0.0327778 -0.494959 2.00203 0.0010136
1.4 0.00782889 -0.499963 2.00211 0.00105311
1.45 -0.0172172 -0.498817 2.00218 0.0010906
1.5 -0.0420525 -0.491536 2.00225 0.00112327
1.55 -0.0663715 -0.478209 2.00227 0.00113429
1.6 -0.0898751 -0.459 2.00219 0.001097
1.65 -0.112274 -0.434144 2.00196 0.000981602
1.7 -0.133293 -0.403946 2.00153 0.000763122
1.75 -0.152673 -0.36878 2.00086 0.000428948
1.8 -0.170176 -0.329076 1.99997 -1.56909e-05
1.85 -0.185586 -0.285322 1.99891 -0.000545467
1.9 -0.198714 -0.238058 1.99777 -0.00111653
1.95 -0.209399 -0.187864 1.99666 -0.00167178
2 -0.217508 -0.135357 1.9957 -0.00214893
2.05 -0.222942 -0.081183 1.99502 -0.00249002
2.1 -0.225635 -0.0260086 1.9947 -0.00265053
2.15 -0.225552 0.0294878 1.99479 -0.00260667
2.2 -0.222694 0.0846236 1.99528 -0.00235916
2.25 -0.217098 0.138721 1.99613 -0.0019332
2.3 -0.208831 0.191113 1.99725 -0.00137431
2.35 -0.197995 0.241157 1.99852 -0.000741005
2.4 -0.184723 0.288237 1.99981 -9.55223e-05
2.45 -0.169178 0.331773 2.00101 0.000505598
2.5 -0.151553 0.37123 2.00204 0.00101948
2.55 -0.132062 0.406122 2.00284 0.00142199
2.6 -0.110946 0.43602 2.00342 0.00170905
2.65 -0.0884648 0.460556 2.00379 0.00189422
2.7 -0.0648946 0.479428 2.00401 0.00200301
2.75 -0.0405253 0.492404 2.00413 0.00206526
2.8 -0.0156566 0.499324 2.00421 0.00210724
2.85 0.00940559 0.500102 2.00429 0.002145
2.9 0.034353 0.494729 2.00436 0.00218041
2.95 0.0588789 0.483271 2.0044 0.00220071
3 0.0826814 0.465868 2.00436 0.00218164
3.05 0.105468 0.442734 2.00419 0.00209349
3.1 0.126958 0.414153 2.00382 0.00190885
3.15 0.146887 0.380478 2.00322 0.0016105
3.2 0.16501 0.342121 2.0024 0.00119768
3.25 0.181105 0.299554 2.00138 0.000689474
3.3 0.194972 0.253302 2.00025 0.000124418
3.35 0.206442 0.203932 1.99911 -0.000443647
3.4 0.215373 0.152052 1.99809 -0.00095294
3.45 0.221655 0.0982992 1.99731 -0.00134298
3.5 0.225211 0.0433357 1.99687 -0.00156406
3.55 0.225997 -0.0121629 1.99683 -0.00158524
3.6 0.224003 -0.067514 1.9972 -0.0013994
3.65 0.219254 -0.122037 1.99795 -0.00102438
3.7 0.211808 -0.17506 1.999 -0.000500101
3.75 0.201756 -0.225933 2.00024 0.000117931
3.8 0.189222 -0.274028 2.00153 0.000767469
3.85 0.174361 -0.318755 2.00278 0.00138911
3.9 0.157354 -0.359562 2.00387 0.0019349
3.95 0.138411 -0.395949 2.00475 0.00237446
4 0.117765 -0.427467 2.0054 0.00269752
4.05 0.0956695 -0.453728 2.00583 0.00291263
4.1 0.0723965 -0.474409 2.00608 0.00304235
4.15 0.0482322 -0.489255 2.00623 0.00311612
4.2 0.0234737 -0.498084 2.00632 0.00316218
4.25 -0.00157439 -0.500787 2.0064 0.00320039
4.3 -0.0266041 -0.497331 2.00647 0.00323728
4.35 -0.0513075 -0.487757 2.00653 0.00326449
4.4 -0.0753808 -0.472183 2.00652 0.00326075
4.45 -0.0985278 -0.450801 2.00639 0.00319722
4.5 -0.120464 -0.423873 2.00609 0.00304483
4.55 -0.140919 -0.39173 2.00556 0.00278236
4.6 -0.159641 -0.354768 2.00481 0.00240337
4.65 -0.176401 -0.313441 2.00384 0.00192063
4.7 -0.190991 -0.268257 2.00273 0.00136693
4.75 -0.203233 -0.219772 2.00158 0.000792108
4.8 -0.212976 -0.168581 2.00051 0.000256525
4.85 -0.220099 -0.115315 1.99964 -0.000177758
4.9 -0.224515 -0.0606289 1.99909 -0.000456595
4.95 -0.22617 -0.00519484 1.99892 -0.000542396
5 -0.225043 0.0503052 1.99916 -0.000420244
5.05 -0.221148 0.105189 1.9998 -0.000100336
5.1 -0.214533 0.15878 2.00077 0.000383686
5.15 -0.205278 0.210421 2.00196 0.000980214
5.2 -0.193499 0.259475 2.00326 0.00162795
5.25 -0.179339 0.30534 2.00453 0.00226545
5.3 -0.162972 0.347451 2.00568 0.0028403
5.35 -0.1446 0.385289 2.00663 0.00331608
5.4 -0.124449 0.41839 2.00735 0.00367616
5.45 -0.102767 0.446346 2.00785 0.00392359
5.5 -0.0798193 0.468813 2.00815 0.00407728
5.55 -0.0558893 0.485514 2.00833 0.00416543
5.6 -0.0312709 0.496244 2.00844 0.00421756
5.65 -0.00626694 0.500871 2.00851 0.00425687
5.7 0.018815 0.499337 2.00859 0.00429442
5.75 0.0436665 0.491661 2.00865 0.00432644
5.8 0.0679818 0.477937 2.00867 0.00433522
5.85 0.0914619 0.458334 2.00859 0.00429351
5.9 0.113818 0.433093 2.00834 0.00417139
5.95 0.134775 0.402524 2.00789 0.00394429
6 0.154074 0.367002 2.0072 0.00360052
6.05 0.17148 0.326965 2.00629 0.00314658
6.1 0.186777 0.282905 2.00522 0.00260921
6.15 0.199777 0.235364 2.00407 0.00203358
6.2 0.21032 0.184925 2.00296 0.00147774
6.25 0.218277 0.132211 2.00201 0.00100439
6.3 0.223549 0.0778675 2.00134 0.000671275
6.35 0.226072 0.0225646 2.00104 0.000522057
6.4 0.225814 -0.0330178 2.00116 0.000579232
6.45 0.222779 -0.0881963 2.00168 0.00084046
6.5 0.217003 -0.142292 2.00256 0.00127894
6.55 0.208558 -0.19464 2.0037 0.00184781
6.6 0.197547 -0.244595 2.00498 0.00248764
6.65 0.184106 -0.291544 2.00627 0.0031359
6.7 0.1684 -0.334908 2.00747 0.00373633
6.75 0.150622 -0.374155 2.00849 0.00424685
6.8 0.130991 -0.408801 2.00929 0.00464444
6.85 0.109748 -0.43842 2.00985 0.00492623
6.9 0.0871539 -0.462648 2.01021 0.0051068
6.95 0.0634872 -0.481186 2.01042 0.00521234
7 0.0390386 -0.493806 2.01055 0.00527289
7.05 0.014109 -0.500352 2.01063 0.00531441
7.1 -0.0109951 -0.500745 2.0107 0.00535224
7.15 -0.0359649 -0.494978 2.01077 0.00538733
7.2 -0.0604933 -0.483123 2.01081 0.00540596
7.25 -0.0842785 -0.465324 2.01077 0.00538319
7.3 -0.107028 -0.441802 2.01058 0.00528899
7.35 -0.128462 -0.412845 2.01019 0.00509623
7.4 -0.148317 -0.378808 2.00958 0.00478845
7.45 -0.166348 -0.340111 2.00873 0.00436607
7.5 -0.182333 -0.297229 2.0077 0.00384956
7.55 -0.196077 -0.250689 2.00656 0.00327886
7.6 -0.207409 -0.201064 2.00542 0.00270889
7.65 -0.216191 -0.148965 2.0044 0.00220202
7.7 -0.222313 -0.0950306 2.00364 0.00181872
7.75 -0.225702 -0.0399256 2.00322 0.00160805
7.8 -0.226314 0.0156725 2.0032 0.00159974
7.85 -0.224143 0.07108 2.0036 0.00179938
7.9 -0.219215 0.125615 2.00437 0.00218749
7.95 -0.21159 0.178607 2.00545 0.00272268
8 -0.201362 0.229405 2.0067 0.0033484
8.05 -0.188657 0.277382 2.008 0.00400189
8.1 -0.173631 0.32195 2.00925 0.00462386
8.15 -0.156469 0.362559 2.01033 0.00516701
8.2 -0.137382 0.39871 2.0112 0.005602
8.25 -0.116604 0.429959 2.01184 0.00591976
8.3 -0.0943914 0.45592 2.01226 0.00612995
8.35 -0.0710167 0.476274 2.01251 0.00625595
8.4 -0.0467676 0.49077 2.01266 0.00632754
8.45 -0.0219423 0.499231 2.01275 0.00637281
8.5 0.00315374 0.501552 2.01282 0.00641102
8.55 0.028212 0.497703 2.0129 0.00644782
8.6 0.0529242 0.487732 2.01295 0.00647386
8.65 0.0769863 0.471762 2.01293 0.0064671
8.7 0.100102 0.449989 2.0128 0.00639825
8.75 0.121988 0.42268 2.01248 0.00623832
8.8 0.142374 0.390171 2.01193 0.00596669
8.85 0.16101 0.352861 2.01116 0.00557801
8.9 0.177666 0.31121 2.01017 0.0050864
8.95 0.192137 0.26573 2.00905 0.00452608
9 0.204245 0.216979 2.0079 0.00394809
9.05 0.213842 0.165557 2.00683 0.00341355
9.1 0.220809 0.112097 2.00597 0.00298472
9.15 0.22506 0.0572568 2.00543 0.00271527
9.2 0.226543 0.00170987 2.00528 0.00264175
9.25 0.225239 -0.0538602 2.00556 0.00277761
9.3 0.221165 -0.10877 2.00622 0.00311103
9.35 0.214371 -0.162344 2.00721 0.00360681
9.4 0.204939 -0.213923 2.00842 0.00421213
9.45 0.192986 -0.262872 2.00973 0.00486501
9.5 0.17866 -0.308591 2.01101 0.00550393
9.55 0.162135 -0.350515 2.01215 0.00607696
9.6 0.143615 -0.388129 2.0131 0.00654863
9.65 0.123328 -0.420971 2.01381 0.0069035
9.7 0.101523 -0.448636 2.01429 0.00714578
9.75 0.0784688 -0.470784 2.01459 0.0072953
9.8 0.0544485 -0.487142 2.01476 0.00738078
9.85 0.0297576 -0.497509 2.01486 0.00743174
9.9 0.00469967 -0.501756 2.01494 0.00747089
9.95 -0.020417 -0.499833 2.01502 0.00750848
10 -0.0452834 -0.491761 2.01508 0.00753976
10.05 -0.0695938 -0.47764 2.01509 0.00754617
10.1 -0.0930491 -0.457643 2.015 0.00749986
10.15 -0.115361 -0.432017 2.01474 0.00737083
10.2 -0.136254 -0.401076 2.01427 0.00713497
10.25 -0.155473 -0.365201 2.01356 0.00678151
10.3 -0.172779 -0.324832 2.01264 0.00631827
10.35 -0.187962 -0.280466 2.01155 0.00577342
10.4 -0.200833 -0.232649 2.01039 0.00519342
10.45 -0.211234 -0.181968 2.00927 0.00463726
10.5 -0.219037 -0.129047 2.00834 0.00416801
10.55 -0.224146 -0.0745374 2.00769 0.00384316
10.6 -0.226499 -0.0191085 2.00741 0.00370548
10.65 -0.226066 0.0365575 2.00755 0.00377613
10.7 -0.222852 0.0917759 2.0081 0.00405113
10.75 -0.216897 0.145868 2.009 0.0045021
10.8 -0.208273 0.198167 2.01016 0.0050808
10.85 -0.197088 0.248031 2.01145 0.00572698
10.9 -0.183478 0.294846 2.01276 0.00637779
10.95 -0.167611 0.338036 2.01395 0.00697733
11 -0.149681 0.37707 2.01497 0.00748433
11.05 -0.12991 0.411468 2.01575 0.00787691
11.1 -0.10854 0.440805 2.01631 0.0081534
11.15 -0.0858344 0.464722 2.01666 0.00832942
11.2 -0.062072 0.482924 2.01686 0.00843178
11.25 -0.0375452 0.495186 2.01698 0.00849071
11.3 -0.0125557 0.501358 2.01706 0.00853183
11.35 0.0125892 0.501363 2.01714 0.00856975
11.4 0.0375801 0.495202 2.01721 0.00860444
11.45 0.0621098 0.482949 2.01724 0.00862129
11.5 0.0858764 0.464755 2.01719 0.00859463
11.55 0.108588 0.440845 2.01699 0.00849422
11.6 0.129964 0.411511 2.01659 0.00829318
11.65 0.149743 0.377114 2.01595 0.00797585
11.7 0.16768 0.338077 2.01509 0.00754388
11.75 0.183556 0.294881 2.01404 0.00701916
11.8 0.197175 0.248056 2.01289 0.00644298
11.85 0.208369 0.198178 2.01174 0.00587135
11.9 0.217 0.14586 2.01073 0.0053672
11.95 0.222963 0.0917466 2.00998 0.00499095
12 0.226183 0.0365025 2.00958 0.00479094
12.05 0.226621 -0.0191926 2.00959 0.00479569
12.1 0.224272 -0.0746538 2.01002 0.00500922
12.15 0.219164 -0.129199 2.01082 0.0054104
12.2 0.211361 -0.182157 2.01191 0.0059564
12.25 0.200957 -0.232876 2.01318 0.00658963
12.3 0.188081 -0.280733 2.01449 0.00724686
12.35 0.172891 -0.325138 2.01574 0.00786894
12.4 0.155574 -0.365547 2.01682 0.00840928
12.45 0.136343 -0.40146 2.01768 0.00883958
12.5 0.115434 -0.432436 2.0183 0.009152
12.55 0.0931045 -0.458095 2.01871 0.0093573
12.6 0.0696289 -0.47812 2.01896 0.00947965
12.65 0.0452959 -0.492265 2.0191 0.00954914
12.7 0.0204049 -0.500356 2.01919 0.00959369
12.75 -0.00473799 -0.502293 2.01926 0.00963193
12.8 -0.0298236 -0.498051 2.01934 0.00966859
12.85 -0.0545433 -0.487683 2.01939 0.00969337
12.9 -0.078593 -0.471316 2.01937 0.00968343
12.95 -0.101677 -0.449152 2.01922 0.00960907
13 -0.123511 -0.421461 2.01888 0.00944142
13.05 -0.143827 -0.388586 2.01832 0.00916051
13.1 -0.162374 -0.35093 2.01752 0.00876209
13.15 -0.178925 -0.308956 2.01652 0.00826166
13.2 -0.193276 -0.26318 2.01539 0.00769486
13.25 -0.20525 -0.214166 2.01423 0.00711392
13.3 -0.2147 -0.162515 2.01316 0.00658071
13.35 -0.221509 -0.108864 2.01232 0.00615763
13.4 -0.225594 -0.053871 2.0118 0.00589784
13.45 -0.226905 0.00178634 2.01167 0.00583682
13.5 -0.225424 0.0574238 2.01197 0.00598652
13.55 -0.221171 0.112357 2.01267 0.00633347
13.6 -0.214197 0.16591 2.01368 0.00684092
13.65 -0.204588 0.217425 2.01491 0.00745488
13.7 -0.192463 0.266267 2.01623 0.00811269
13.75 -0.177969 0.311836 2.01751 0.00875282
13.8 -0.161286 0.353571 2.01865 0.00932384
13.85 -0.142619 0.390958 2.01958 0.00979128
13.9 -0.122196 0.423539 2.02028 0.0101409
13.95 -0.10027 0.450911 2.02076 0.010378
14 -0.07711 0.472737 2.02105 0.0105234
14.05 -0.0530003 0.48875 2.02121 0.0106063
14.1 -0.0282379 0.498752 2.02131 0.0106562
14.15 -0.00312715 0.502619 2.02139 0.0106952
14.2 0.022023 0.500304 2.02147 0.0107328
14.25 0.0469032 0.491836 2.02153 0.0107633
14.3 0.0712074 0.477317 2.02153 0.0107671
14.35 0.0946366 0.456927 2.02143 0.0107161
14.4 0.116903 0.430916 2.02116 0.01058
14.45 0.137732 0.399603 2.02067 0.0103352
14.5 0.156867 0.363374 2.01994 0.00997196
14.55 0.174074 0.322675 2.019 0.00949943
14.6 0.189141 0.278005 2.01789 0.00894721
14.65 0.201881 0.229913 2.01673 0.00836305
14.7 0.212139 0.178992 2.01561 0.00780684
14.75 0.219788 0.125868 2.01468 0.007342
14.8 0.224734 0.0711929 2.01405 0.00702569
14.85 0.226916 0.0156404 2.0138 0.0068998
14.9 0.226307 -0.0401066 2.01397 0.00698406
14.95 0.222914 -0.0953624 2.01455 0.0072729
15 0.216779 -0.149447 2.01547 0.00773629
15.05 0.207977 -0.201696 2.01665 0.0083247
15.1 0.196617 -0.251466 2.01795 0.00897701
15.15 0.182839 -0.298144 2.01926 0.00963017
15.2 0.16681 -0.341157 2.02046 0.0102286
15.25 0.14873 -0.379976 2.02146 0.0107319
15.3 0.128819 -0.414122 2.02224 0.0111194
15.35 0.107323 -0.443176 2.02278 0.0113906
15.4 0.0845062 -0.46678 2.02312 0.0115621
15.45 0.0606491 -0.484643 2.02332 0.0116614
15.5 0.0360451 -0.496546 2.02344 0.0117188
15.55 0.0109968 -0.502341 2.02352 0.0117595
15.6 -0.0141877 -0.501958 2.0236 0.0117975
15.65 -0.0391986 -0.495401 2.02366 0.0118318
15.7 -0.0637283 -0.48275 2.02369 0.0118467
15.75 -0.0874751 -0.464161 2.02363 0.011816
15.8 -0.110147 -0.439862 2.02342 0.0117092
15.85 -0.131465 -0.410151 2.023 0.0114997
15.9 -0.151166 -0.375395 2.02235 0.0111727
15.95 -0.169009 -0.33602 2.02146 0.0107311
16 -0.184774 -0.29251 2.0204 0.0101983
16.05 -0.198266 -0.245401 2.01923 0.00961682
16.1 -0.209321 -0.195272 2.01809 0.00904378
16.15 -0.217801 -0.142738 2.01709 0.00854266
16.2 -0.223603 -0.0884475 2.01635 0.00817375
16.25 -0.226654 -0.0330667 2.01597 0.00798466
16.3 -0.226918 0.0227229 2.01601 0.00800266
16.35 -0.22439 0.0782351 2.01646 0.00823016
16.4 -0.219103 0.132787 2.01729 0.0086444
16.45 -0.21112 0.185708 2.0184 0.00920109
16.5 -0.20054 0.236346 2.01968 0.00984164
16.55 -0.187493 0.28408 2.021 0.0105024
16.6 -0.17214 0.328321 2.02225 0.0111244
16.65 -0.154668 0.368525 2.02332 0.0116617
16.7 -0.135294 0.404198 2.02417 0.0120872
16.75 -0.114254 0.4349 2.02479 0.0123943
16.8 -0.0918086 0.460255 2.02519 0.0125947
16.85 -0.068233 0.479949 2.02543 0.0127135
16.9 -0.0438172 0.49374 2.02556 0.012781
16.95 -0.0188615 0.501459 2.02565 0.0128249
17 0.00632706 0.50301 2.02573 0.0128631
17.05 0.0314388 0.498375 2.0258 0.0128996
17.1 0.0561648 0.487609 2.02585 0.012923
17.15 0.0802008 0.470844 2.02582 0.0129097
17.2 0.103251 0.448288 2.02566 0.0128297
17.25 0.125033 0.420217 2.02531 0.0126542
17.3 0.145277 0.386977 2.02473 0.0123638
17.35 0.163735 0.348975 2.02391 0.0119556
17.4 0.18018 0.306679 2.02289 0.0114464
17.45 0.194409 0.26061 2.02175 0.0108733
17.5 0.206248 0.211333 2.02058 0.0102896
17.55 0.21555 0.159455 2.01952 0.00975806
17.6 0.222201 0.105614 2.01868 0.00934103
17.65 0.226119 0.0504715 2.01818 0.00909119
17.7 0.227256 -0.00529365 2.01809 0.00904287
17.75 0.225598 -0.0609958 2.01841 0.00920653
17.8 0.221165 -0.11595 2.01913 0.00956701
17.85 0.214012 -0.16948 2.02017 0.0100861
17.9 0.204226 -0.220927 2.02142 0.0107085
17.95 0.191927 -0.269659 2.02274 0.011371
18 0.177268 -0.315076 2.02402 0.0120121
18.05 0.160427 -0.356619 2.02516 0.012581
18.1 0.141612 -0.393777 2.02609 0.013044
18.15 0.121055 -0.426093 2.02678 0.0133883
18.2 0.0990083 -0.453169 2.02724 0.0136203
18.25 0.0757428 -0.474673 2.02752 0.0137617
18.3 0.0515448 -0.490338 2.02768 0.013842
18.35 0.0267119 -0.499973 2.02778 0.0138909
18.4 0.00154944 -0.503459 2.02786 0.0139298
18.45 -0.023633 -0.500752 2.02793 0.0139674
18.5 -0.0485257 -0.491886 2.02799 0.013997
18.55 -0.0728225 -0.476969 2.028 0.0139982
18.6 -0.0962244 -0.456185 2.02788 0.0139422
18.65 -0.118444 -0.429789 2.0276 0.0137988
18.7 -0.139207 -0.398105 2.02709 0.0135449
18.75 -0.158259 -0.361524 2.02634 0.0131719
18.8 -0.175365 -0.320494 2.02538 0.0126901
18.85 -0.190314 -0.275521 2.02426 0.0121306
18.9 -0.202923 -0.227157 2.02309 0.0115425
18.95 -0.213037 -0.175998 2.02197 0.0109865
19 -0.220531 -0.122671 2.02105 0.0105264
19.05 -0.225312 -0.067834 2.02044 0.0102189
19.1 -0.227322 -0.0121604 2.02021 0.0101051
19.15 -0.226537 0.043665 2.02041 0.0102031
19.2 -0.222964 0.0989554 2.02101 0.0105058
19.25 -0.21665 0.153031 2.02196 0.0109816
19.3 -0.20767 0.205226 2.02316 0.0115795
19.35 -0.196135 0.254898 2.02448 0.0122378
19.4 -0.182188 0.301438 2.02579 0.0128931
19.45 -0.165999 0.344271 2.02698 0.0134902
19.5 -0.147767 0.382871 2.02798 0.0139897
19.55 -0.127718 0.416764 2.02874 0.014372
19.6 -0.106097 0.445531 2.02928 0.0146379
19.65 -0.0831695 0.46882 2.02961 0.0148049
19.7 -0.0592186 0.486343 2.0298 0.0149012
19.75 -0.0345383 0.497884 2.02991 0.0149571
19.8 -0.00943237 0.503302 2.03 0.0149976
19.85 0.0157906 0.50253 2.03007 0.0150356
19.9 0.0408202 0.495576 2.03014 0.0150694
19.95 0.0653487 0.482526 2.03016 0.0150823
20 0.0890744 0.463541 2.03009 0.0150473
20.05 0.111705 0.438853 2.02987 0.0149339
20.1 0.132963 0.408767 2.02943 0.0147158
20.15 0.152586 0.373651 2.02876 0.0143791
20.2 0.170333 0.333939 2.02786 0.0139279
20.25 0.185986 0.290117 2.02677 0.013387
20.3 0.199351 0.242725 2.0256 0.0128004
20.35 0.210265 0.192346 2.02445 0.0122262
20.4 0.218593 0.139599 2.02346 0.0117284
20.45 0.224233 0.0851333 2.02273 0.0113672
20.5 0.227115 0.0296181 2.02238 0.0111893
20.55 0.227203 -0.0262634 2.02244 0.0112207
20.6 0.224497 -0.081824 2.02292 0.0114622
20.65 0.219029 -0.13638 2.02378 0.0118895
20.7 0.210868 -0.189261 2.02491 0.0124568
20.75 0.200112 -0.239816 2.02621 0.0131045
20.8 0.186894 -0.287423 2.02754 0.0137685
20.85 0.171377 -0.331496 2.02878 0.0143902
20.9 0.153751 -0.371494 2.02985 0.0149244
20.95 0.134234 -0.406924 2.03069 0.015345
21 0.113065 -0.43735 2.03129 0.0156467
21.05 0.090504 -0.462397 2.03168 0.0158423
21.1 0.0668292 -0.481758 2.03192 0.0159575
21.15 0.0423315 -0.495194 2.03205 0.0160231
21.2 0.0173123 -0.50254 2.03213 0.0160664
21.25 -0.0079209 -0.503705 2.03221 0.0161047
21.3 -0.0330576 -0.498674 2.03228 0.0161409
21.35 -0.0577886 -0.487509 2.03233 0.0161629
21.4 -0.0818097 -0.470347 2.03229 0.0161461
21.45 -0.104825 -0.4474 2.03212 0.0160602
21.5 -0.126553 -0.418948 2.03175 0.0158766
21.55 -0.146724 -0.385342 2.03115 0.0155767
21.6 -0.165092 -0.346996 2.03032 0.0151587
21.65 -0.181429 -0.304379 2.02928 0.0146407
21.7 -0.195536 -0.258018 2.02812 0.0140614
21.75 -0.207238 -0.20848 2.02695 0.0134753
21.8 -0.216391 -0.156377 2.02589 0.0129456
21.85 -0.222883 -0.102348 2.02507 0.012535
21.9 -0.226634 -0.0470587 2.02459 0.0122954
21.95 -0.227598 0.00881191 2.02452 0.01226
22 -0.225762 0.0645762 2.02488 0.0124377
22.05 -0.221149 0.119548 2.02562 0.0128117
22.1 -0.213815 0.173052 2.02668 0.0133422
22.15 -0.203852 0.224429 2.02795 0.013973
22.2 -0.19138 0.273048 2.02928 0.01464
22.25 -0.176555 0.31831 2.03056 0.0152819
22.3 -0.159557 0.359658 2.0317 0.0158484
22.35 -0.140595 0.396584 2.03261 0.0163069
22.4 -0.119904 0.428634 2.03329 0.0166458
22.45 -0.0977373 0.455412 2.03375 0.0168727
22.5 -0.0743675 0.47659 2.03402 0.0170101
22.55 -0.050082 0.491906 2.03418 0.017088
22.6 -0.0251796 0.501173 2.03427 0.0171359
22.65 3.34069e-05 0.504275 2.03435 0.0171748
22.7 0.025247 0.501175 2.03442 0.0172124
22.75 0.0501509 0.491911 2.03448 0.0172409
22.8 0.074439 0.476595 2.03448 0.0172393
22.85 0.0978123 0.455417 2.03436 0.0171781
22.9 0.119983 0.428636 2.03405 0.0170273
22.95 0.14068 0.396582 2.03353 0.0167643
23 0.159646 0.359649 2.03276 0.0163813
23.05 0.17665 0.318291 2.03178 0.0158903
23.1 0.191481 0.273016 2.03065 0.0153237
23.15 0.203958 0.224381 2.02946 0.0147318
23.2 0.213927 0.172985 2.02835 0.0141764
23.25 0.221264 0.119458 2.02744 0.0137212
23.3 0.22588 0.064461 2.02685 0.0134229
23.35 0.227719 0.00866856 2.02664 0.0133213
23.4 0.226756 -0.0472326 2.02687 0.0134332
23.45 0.223004 -0.102555 2.0275 0.0137499
23.5 0.216509 -0.156618 2.02848 0.0142379
23.55 0.20735 -0.208756 2.02969 0.0148453
23.6 0.195641 -0.258329 2.03102 0.0155093
23.65 0.181525 -0.304726 2.03233 0.0161665
23.7 0.165176 -0.347377 2.03352 0.0167621
23.75 0.146794 -0.385757 2.03452 0.0172577
23.8 0.126607 -0.419393 2.03527 0.0176347
23.85 0.104861 -0.447872 2.03579 0.0178953
23.9 0.0818242 -0.470843 2.03612 0.0180579
23.95 0.0577804 -0.488023 2.0363 0.0181512
24 0.033025 -0.499202 2.03641 0.0182058
24.05 0.00786243 -0.50424 2.03649 0.018246
24.1 -0.0173978 -0.503077 2.03657 0.0182841
24.15 -0.042445 -0.495726 2.03663 0.0183172
24.2 -0.066971 -0.482277 2.03666 0.0183279
24.25 -0.0906742 -0.462895 2.03658 0.0182886
24.3 -0.113263 -0.437819 2.03634 0.0181684
24.35 -0.13446 -0.407357 2.03588 0.0179416
24.4 -0.154003 -0.371883 2.03519 0.017595
24.45 -0.171653 -0.331834 2.03427 0.0171342
24.5 -0.187192 -0.287701 2.03317 0.0165853
24.55 -0.200429 -0.240028 2.03199 0.0159938
24.6 -0.211202 -0.189401 2.03084 0.0154188
24.65 -0.219377 -0.136443 2.02985 0.0149246
24.7 -0.224854 -0.0818041 2.02914 0.0145713
24.75 -0.227566 -0.026157 2.02881 0.0144048
24.8 -0.227478 0.0298139 2.0289 0.0144498
24.85 -0.224593 0.0854202 2.02941 0.0147055
24.9 -0.218945 0.139978 2.03029 0.0151458
24.95 -0.210604 0.192816 2.03145 0.0157235
25 -0.199672 0.243284 2.03276 0.0163781
25.05 -0.186283 0.290762 2.03409 0.0170452
25.1 -0.170603 0.334665 2.03533 0.0176664
25.15 -0.152824 0.374454 2.03639 0.0181973
25.2 -0.133164 0.409638 2.03723 0.0186129
25.25 -0.111866 0.439785 2.03782 0.0189091
25.3 -0.0891905 0.464523 2.0382 0.0190999
25.35 -0.0654175 0.483549 2.03842 0.0192117
25.4 -0.0408389 0.496628 2.03855 0.0192754
25.45 -0.0157571 0.503599 2.03864 0.0193182
25.5 0.00951943 0.504376 2.03871 0.0193566
25.55 0.0346798 0.498948 2.03879 0.0193926
25.6 0.0594146 0.487384 2.03883 0.0194129
25.65 0.0834195 0.469824 2.03878 0.0193924
25.7 0.106399 0.446485 2.0386 0.0193005
25.75 0.128071 0.417653 2.03822 0.0191086
25.8 0.148169 0.383683 2.0376 0.0187991
25.85 0.166444 0.344992 2.03674 0.0183712
25.9 0.182673 0.302056 2.03569 0.0178446
25.95 0.196656 0.255404 2.03452 0.0172593
26 0.208221 0.205608 2.03334 0.016671
26.05 0.217224 0.153281 2.03229 0.0161435
26.1 0.223557 0.0990671 2.03148 0.0157395
26.15 0.227139 0.0436324 2.03102 0.0155104
26.2 0.227928 -0.012341 2.03098 0.0154881
26.25 0.225914 -0.0681647 2.03136 0.01568
26.3 0.22112 -0.123152 2.03214 0.0160676
26.35 0.213607 -0.176627 2.03322 0.0166095
26.4 0.203466 -0.227931 2.0345 0.0172484
26.45 0.190822 -0.276433 2.03584 0.0179197
26.5 0.17583 -0.321538 2.03712 0.0185622
26.55 0.158675 -0.362689 2.03825 0.0191261
26.6 0.139568 -0.39938 2.03916 0.01958
26.65 0.118743 -0.43116 2.03983 0.0199135
26.7 0.0964572 -0.457639 2.04027 0.0201352
26.75 0.0729839 -0.478489 2.04054 0.0202687
26.8 0.048612 -0.493454 2.04069 0.0203443
26.85 0.0236412 -0.502351 2.04078 0.0203913
26.9 -0.00162131 -0.505069 2.04086 0.0204301
26.95 -0.0268648 -0.501575 2.04094 0.0204676
27 -0.0517788 -0.491911 2.04099 0.0204951
27.05 -0.0760569 -0.476196 2.04098 0.0204905
27.1 -0.0994004 -0.454623 2.04085 0.020424
27.15 -0.121522 -0.427458 2.04053 0.0202656
27.2 -0.14215 -0.395034 2.03999 0.0199932
27.25 -0.16103 -0.35775 2.0392 0.0196003
27.3 -0.17793 -0.316063 2.0382 0.0191
27.35 -0.192642 -0.270488 2.03705 0.0185264
27.4 -0.204986 -0.221584 2.03586 0.0179311
27.45 -0.214808 -0.169953 2.03475 0.0173764
27.5 -0.221989 -0.116229 2.03385 0.0169266
27.55 -0.226439 -0.0610738 2.03328 0.0166377
27.6 -0.228104 -0.00516514 2.0331 0.0165486
27.65 -0.226964 0.0508091 2.03335 0.0166746
27.7 -0.223032 0.106161 2.03401 0.0170051
27.75 -0.216357 0.160208 2.03501 0.0175054
27.8 -0.20702 0.212287 2.03624 0.0181221
27.85 -0.195136 0.261757 2.03758 0.0187916
27.9 -0.180852 0.30801 2.0389 0.0194504
27.95 -0.164342 0.350475 2.04009 0.0200444
28 -0.145811 0.388631 2.04107 0.0205359
28.05 -0.125485 0.422008 2.04182 0.0209076
28.1 -0.103616 0.450196 2.04233 0.0211628
28.15 -0.0804705 0.472848 2.04264 0.021321
28.2 -0.0563347 0.489684 2.04282 0.0214115
28.25 -0.0315051 0.500498 2.04293 0.0214648
28.3 -0.00628706 0.505156 2.04301 0.0215048
28.35 0.0190093 0.5036 2.04309 0.021543
28.4 0.0440727 0.495851 2.04315 0.0215754
28.45 0.0685951 0.482002 2.04317 0.0215838
28.5 0.0922746 0.462223 2.04308 0.0215399
28.55 0.11482 0.436759 2.04283 0.0214127
28.6 0.135954 0.405922 2.04235 0.021177
28.65 0.155416 0.37009 2.04164 0.0208205
28.7 0.172968 0.329705 2.0407 0.02035
28.75 0.188393 0.285263 2.03959 0.0197933
28.8 0.201501 0.237311 2.03839 0.0191971
28.85 0.212131 0.186438 2.03724 0.0186214
28.9 0.220152 0.13327 2.03626 0.0181312
28.95 0.225466 0.0784601 2.03557 0.0177861
29 0.228007 0.0226835 2.03526 0.0176313
29.05 0.227743 -0.0333742 2.03538 0.0176901
29.1 0.224678 -0.0890235 2.03592 0.01796
29.15 0.218849 -0.14358 2.03683 0.0184132
29.2 0.210328 -0.196372 2.038 0.0190012
29.25 0.19922 -0.246751 2.03933 0.0196626
29.3 0.185661 -0.294097 2.04067 0.0203326
29.35 0.169818 -0.337827 2.04191 0.0209531
29.4 0.151885 -0.377404 2.04296 0.0214805
29.45 0.132084 -0.41234 2.04378 0.021891
29.5 0.110657 -0.442205 2.04436 0.0221817
29.55 0.0878682 -0.466632 2.04474 0.0223678
29.6 0.0639979 -0.485321 2.04495 0.0224762
29.65 0.0393394 -0.498041 2.04508 0.0225382
29.7 0.0141962 -0.504635 2.04516 0.0225805
29.75 -0.0111226 -0.505023 2.04524 0.0226189
29.8 -0.0363055 -0.499198 2.04531 0.0226546
29.85 -0.0610429 -0.487234 2.04535 0.0226732
29.9 -0.0850303 -0.469276 2.0453 0.0226489
29.95 -0.107973 -0.445545 2.0451 0.0225506
30 -0.129588 -0.416333 2.0447 0.0223504
30.05 -0.14961 -0.381999 2.04406 0.0220311
30.1 -0.167793 -0.342965 2.04319 0.0215933
30.15 -0.183912 -0.299711 2.04212 0.0210582
30.2 -0.19777 -0.252769 2.04093 0.020467
30.25 -0.209196 -0.202716 2.03975 0.0198767
30.3 -0.218049 -0.150168 2.0387 0.0193517
30.35 -0.224221 -0.0957703 2.03791 0.0189547
30.4 -0.227634 -0.040193 2.03747 0.0187364
30.45 -0.228248 0.0158807 2.03745 0.0187274
30.5 -0.226055 0.0717612 2.03787 0.0189336
30.55 -0.221081 0.126761 2.03867 0.0193347
30.6 -0.213387 0.180204 2.03978 0.0198879
30.65 -0.203069 0.231432 2.04107 0.0205347
30.7 -0.190252 0.279816 2.04242 0.0212101
30.75 -0.175095 0.32476 2.04371 0.0218529
30.8 -0.157783 0.36571 2.04483 0.0224141
30.85 -0.13853 0.402164 2.04573 0.0228633
30.9 -0.117573 0.433673 2.04638 0.0231912
30.95 -0.0951681 0.459849 2.04682 0.0234079
31 -0.0715921 0.48037 2.04708 0.0235375
31.05 -0.0471347 0.494982 2.04722 0.0236109
31.1 -0.0220966 0.503507 2.04731 0.023657
31.15 0.00321422 0.505839 2.04739 0.0236959
31.2 0.0284865 0.501949 2.04747 0.0237333
31.25 0.0534093 0.491886 2.04752 0.0237596
31.3 0.0776761 0.475771 2.0475 0.0237519
31.35 0.100988 0.453804 2.04736 0.0236798
31.4 0.123059 0.426254 2.04703 0.0235136
31.45 0.143618 0.39346 2.04646 0.0232317
31.5 0.16241 0.355826 2.04566 0.0228288
31.55 0.179206 0.313813 2.04464 0.0223194
31.6 0.193797 0.267939 2.04348 0.0217389
31.65 0.206006 0.218767 2.04228 0.0211403
31.7 0.215681 0.166903 2.04117 0.0205867
31.75 0.222704 0.112984 2.04029 0.0201425
31.8 0.226988 0.0576727 2.03973 0.0198634
31.85 0.22848 0.00165025 2.03957 0.0197869
31.9 0.227162 -0.0543946 2.03985 0.0199271
31.95 0.223049 -0.109772 2.04054 0.0202716
32 0.216193 -0.163802 2.04157 0.0207841
32.05 0.206677 -0.215819 2.04282 0.0214098
32.1 0.194619 -0.265183 2.04417 0.0220847
32.15 0.180167 -0.311288 2.04549 0.022745
32.2 0.163498 -0.353565 2.04667 0.0233371
32.25 0.144817 -0.391495 2.04765 0.0238243
32.3 0.124354 -0.424611 2.04838 0.0241906
32.35 0.102361 -0.452506 2.04888 0.0244405
32.4 0.0791083 -0.474835 2.04919 0.0245944
32.45 0.0548815 -0.491325 2.04936 0.0246821
32.5 0.0299788 -0.501772 2.04947 0.0247341
32.55 0.00470634 -0.506048 2.04955 0.024774
32.6 -0.0206249 -0.5041 2.04962 0.0248122
32.65 -0.0457035 -0.495951 2.04969 0.0248439
32.7 -0.0702208 -0.481701 2.0497 0.0248498
32.75 -0.0938753 -0.461526 2.0496 0.0248011
32.8 -0.116376 -0.435673 2.04933 0.0246668
32.85 -0.137446 -0.404461 2.04884 0.024422
32.9 -0.156827 -0.368272 2.04811 0.0240555
32.95 -0.174279 -0.327553 2.04715 0.0235754
33 -0.189588 -0.282803 2.04602 0.023011
33.05 -0.202565 -0.234572 2.04482 0.0224102
33.1 -0.213052 -0.183455 2.04367 0.0218342
33.15 -0.220919 -0.130079 2.0427 0.0213482
33.2 -0.226068 -0.0751013 2.04202 0.0210117
33.25 -0.228437 -0.0191977 2.04174 0.0208689
33.3 -0.227996 0.0369442 2.04188 0.0209416
33.35 -0.224751 0.0926337 2.04245 0.0212257
33.4 -0.218741 0.147186 2.04338 0.0216918
33.45 -0.210041 0.19993 2.04458 0.0222901
33.5 -0.198757 0.250217 2.04592 0.022958
33.55 -0.185027 0.297428 2.04726 0.0236306
33.6 -0.169021 0.340982 2.0485 0.0242502
33.65 -0.150936 0.380344 2.04955 0.0247739
33.7 -0.130993 0.415029 2.05036 0.0251793
33.75 -0.109439 0.44461 2.05093 0.0254645
33.8 -0.0865373 0.468724 2.05129 0.0256458
33.85 -0.0625705 0.487074 2.0515 0.025751
33.9 -0.0378332 0.499433 2.05162 0.0258113
33.95 -0.0126296 0.505649 2.05171 0.0258531
34 0.0127303 0.505646 2.05178 0.0258917
34.05 0.0379346 0.499424 2.05185 0.0259269
34.1 0.0626732 0.487058 2.05189 0.0259437
34.15 0.0866418 0.468701 2.05183 0.0259153
34.2 0.109546 0.444579 2.05162 0.0258107
34.25 0.131103 0.414987 2.0512 0.0256018
34.3 0.151048 0.380289 2.05055 0.0252727
34.35 0.169137 0.340913 2.04965 0.024825
34.4 0.185145 0.297342 2.04856 0.0242813
34.45 0.198877 0.250112 2.04737 0.0236845
34.5 0.210164 0.199804 2.04618 0.0230925
34.55 0.218865 0.147036 2.04514 0.0225704
34.6 0.224875 0.0924581 2.04436 0.0221806
34.65 0.228119 0.0367405 2.04395 0.0219733
34.7 0.228558 -0.019431 2.04396 0.0219779
34.75 0.226185 -0.0753656 2.0444 0.0221984
34.8 0.22103 -0.130375 2.04523 0.022613
34.85 0.213156 -0.183784 2.04635 0.0231774
34.9 0.20266 -0.234933 2.04766 0.023832
34.95 0.18967 -0.283195 2.04902 0.0245113
35 0.174348 -0.327975 2.05031 0.0251541
35.05 0.15688 -0.368723 2.05142 0.0257124
35.1 0.137482 -0.404937 2.05231 0.0261568
35.15 0.116392 -0.436172 2.05296 0.0264792
35.2 0.09387 -0.462043 2.05338 0.0266908
35.25 0.0701923 -0.482232 2.05363 0.0268166
35.3 0.0456503 -0.49649 2.05378 0.0268878
35.35 0.020546 -0.504641 2.05387 0.0269332
35.4 -0.00481206 -0.506586 2.05394 0.0269721
35.45 -0.0301119 -0.5023 2.05402 0.0270094
35.5 -0.0550422 -0.491835 2.05407 0.0270343
35.55 -0.0792965 -0.475321 2.05405 0.0270233
35.6 -0.102576 -0.452959 2.05389 0.0269456
35.65 -0.124595 -0.425025 2.05354 0.0267714
35.7 -0.145083 -0.391862 2.05296 0.0264799
35.75 -0.163786 -0.353878 2.05213 0.0260669
35.8 -0.180476 -0.311539 2.0511 0.0255483
35.85 -0.194946 -0.265368 2.04992 0.0249612
35.9 -0.207019 -0.21593 2.04872 0.0243595
35.95 -0.216547 -0.163834 2.04761 0.0238073
36 -0.223411 -0.109722 2.04674 0.0233691
36.05 -0.227527 -0.0542577 2.0462 0.0230999
36.1 -0.228845 0.00187597 2.04607 0.0230364
36.15 -0.227348 0.0579887 2.04638 0.0231909
36.2 -0.223055 0.11339 2.0471 0.0235494
36.25 -0.216017 0.167399 2.04815 0.024074
36.3 -0.206323 0.219351 2.04942 0.0247086
36.35 -0.19409 0.268607 2.05078 0.0253886
36.4 -0.17947 0.314561 2.0521 0.0260501
36.45 -0.162642 0.356647 2.05328 0.0266401
36.5 -0.143812 0.394348 2.05425 0.0271229
36.55 -0.123213 0.4272 2.05497 0.0274838
36.6 -0.101098 0.454799 2.05546 0.0277283
36.65 -0.0777377 0.476805 2.05576 0.027878
36.7 -0.0534209 0.492947 2.05593 0.0279631
36.75 -0.028446 0.503026 2.05603 0.0280139
36.8 -0.00312031 0.506918 2.05611 0.0280537
36.85 0.0222447 0.504575 2.05618 0.0280919
36.9 0.0473371 0.496026 2.05625 0.0281227
36.95 0.0718481 0.481375 2.05625 0.028126
37 0.0954764 0.460803 2.05614 0.0280724
37.05 0.117931 0.434562 2.05586 0.0279308
37.1 0.138936 0.402975 2.05535 0.0276767
37.15 0.158233 0.36643 2.0546 0.0273001
37.2 0.175584 0.325377 2.05362 0.0268104
37.25 0.190777 0.28032 2.05248 0.0262384
37.3 0.203623 0.231813 2.05127 0.0256333
37.35 0.213965 0.180453 2.05011 0.0250573
37.4 0.221676 0.126872 2.04915 0.0245758
37.45 0.22666 0.071728 2.0485 0.0242482
37.5 0.228857 0.0156998 2.04824 0.0241175
37.55 0.228239 -0.0405237 2.04841 0.0242043
37.6 0.224813 -0.0962508 2.04901 0.0245028
37.65 0.218622 -0.150796 2.04996 0.0249817
37.7 0.209742 -0.203489 2.05118 0.02559
37.75 0.198282 -0.25368 2.05253 0.0262642
37.8 0.184382 -0.300754 2.05388 0.0269393
37.85 0.168214 -0.344129 2.05512 0.0275577
37.9 0.149976 -0.383274 2.05616 0.0280777
37.95 0.129893 -0.417705 2.05696 0.0284777
38 0.108211 -0.447001 2.05751 0.0287575
38.05 0.0851976 -0.470799 2.05787 0.0289341
38.1 0.0611353 -0.488807 2.05807 0.0290361
38.15 0.0363201 -0.500803 2.05819 0.0290948
38.2 0.0110573 -0.50664 2.05827 0.0291363
38.25 -0.0143425 -0.506246 2.05835 0.0291749
38.3 -0.0395669 -0.499624 2.05842 0.0292097
38.35 -0.0643055 -0.486857 2.05845 0.0292244
38.4 -0.0882541 -0.468101 2.05838 0.0291919
38.45 -0.111118 -0.443587 2.05816 0.0290806
38.5 -0.132616 -0.413615 2.05773 0.028863
38.55 -0.152484 -0.378555 2.05705 0.0285239
38.6 -0.170477 -0.338838 2.05613 0.0280662
38.65 -0.186373 -0.294951 2.05503 0.0275142
38.7 -0.199978 -0.247434 2.05382 0.0269119
38.75 -0.211124 -0.196873 2.05264 0.0263184
38.8 -0.219673 -0.143887 2.0516 0.0257994
38.85 -0.22552 -0.0891305 2.05083 0.0254173
38.9 -0.228594 -0.0332751 2.05044 0.0252213
38.95 -0.228856 0.0229916 2.05048 0.0252395
39 -0.226304 0.0789777 2.05095 0.0254745
39.05 -0.220967 0.133994 2.05181 0.0259027
39.1 -0.212913 0.187365 2.05296 0.0264781
39.15 -0.202239 0.238433 2.05428 0.0271402
39.2 -0.189077 0.28657 2.05565 0.0278232
39.25 -0.17359 0.331185 2.05693 0.0284659
39.3 -0.155966 0.371727 2.05804 0.0290211
39.35 -0.136423 0.407698 2.05892 0.0294605
39.4 -0.115202 0.438656 2.05955 0.0297774
39.45 -0.0925629 0.46422 2.05997 0.029984
39.5 -0.0687844 0.484075 2.06021 0.0301061
39.55 -0.0441589 0.497976 2.06035 0.0301752
39.6 -0.0189893 0.505753 2.06044 0.0302199
39.65 0.00641477 0.507309 2.06052 0.0302588
39.7 0.0317409 0.502626 2.06059 0.0302959
39.75 0.0566776 0.49176 2.06064 0.0303194
39.8 0.0809181 0.474844 2.06061 0.030305
39.85 0.104164 0.452088 2.06044 0.0302214
39.9 0.12613 0.42377 2.06008 0.0300389
39.95 0.146545 0.390238 2.05948 0.0297377
40 0.165158 0.351905 2.05863 0.0293146
40.05 0.181741 0.309243 2.05757 0.028787
40.1 0.196089 0.262774 2.05639 0.0281933
40.15 0.208025 0.213073 2.05518 0.0275888
40.2 0.217404 0.160748 2.05408 0.0270383
40.25 0.224108 0.106444 2.05321 0.0266063
40.3 0.228056 0.050829 2.05269 0.0263474
40.35 0.229199 -0.00541339 2.05259 0.0262971
40.4 0.227523 -0.0615913 2.05293 0.026466
40.45 0.223049 -0.117014 2.05368 0.0268385
40.5 0.215831 -0.170999 2.05475 0.0273751
40.55 0.205957 -0.222883 2.05604 0.0280185
40.6 0.19355 -0.272028 2.05741 0.0287033
40.65 0.178762 -0.317828 2.05873 0.0293659
40.7 0.161775 -0.359721 2.05991 0.0299536
40.75 0.142797 -0.39719 2.06086 0.0304319
40.8 0.122062 -0.429776 2.06157 0.0307872
40.85 0.0998247 -0.457077 2.06205 0.0310265
40.9 0.0763588 -0.478756 2.06234 0.031172
40.95 0.0519528 -0.494548 2.06251 0.0312544
41 0.0269069 -0.504257 2.06261 0.0313042
41.05 0.00152905 -0.507764 2.06269 0.0313438
41.1 -0.0238685 -0.505026 2.06276 0.0313821
41.15 -0.0489735 -0.496076 2.06282 0.031412
41.2 -0.073477 -0.481023 2.06282 0.0314125
41.25 -0.0970777 -0.460054 2.06271 0.0313538
41.3 -0.119485 -0.433425 2.06241 0.0312046
41.35 -0.140424 -0.401464 2.06188 0.0309411
41.4 -0.159636 -0.364563 2.06111 0.0305544
41.45 -0.176885 -0.323177 2.06011 0.0300551
41.5 -0.19196 -0.277815 2.05895 0.0294755
41.55 -0.204674 -0.229033 2.05773 0.0288664
41.6 -0.21487 -0.177433 2.05658 0.0282906
41.65 -0.222425 -0.123648 2.05563 0.027814
41.7 -0.227243 -0.0683402 2.05499 0.0274955
41.75 -0.229267 -0.0121898 2.05475 0.0273773
41.8 -0.228471 0.0441126 2.05496 0.0274784
41.85 -0.224864 0.0998746 2.05558 0.0277911
41.9 -0.218492 0.15441 2.05657 0.0282829
41.95 -0.209432 0.207049 2.0578 0.028901
42 -0.197795 0.257142 2.05916 0.0295814
42.05 -0.183725 0.304075 2.06052 0.0302587
42.1 -0.167395 0.347269 2.06175 0.0308757
42.15 -0.149005 0.386194 2.06278 0.0313917
42.2 -0.128782 0.420369 2.06357 0.0317864
42.25 -0.106974 0.449376 2.06412 0.0320607
42.3 -0.0838493 0.472856 2.06447 0.0322327
42.35 -0.0596924 0.490521 2.06466 0.0323316
42.4 -0.0348004 0.502153 2.06478 0.0323887
42.45 -0.00947939 0.507609 2.06486 0.0324299
42.5 0.0159592 0.506821 2.06494 0.0324687
42.55 0.0412024 0.4998 2.06501 0.0325029
42.6 0.0659398 0.486631 2.06503 0.0325155
42.65 0.089867 0.467475 2.06496 0.0324786
42.7 0.11269 0.442569 2.06472 0.0323605
42.75 0.134127 0.412219 2.06427 0.032134
42.8 0.153916 0.376796 2.06357 0.0317848
42.85 0.171812 0.336738 2.06263 0.0313172
42.9 0.187595 0.292537 2.06151 0.0307568
42.95 0.201072 0.244735 2.0603 0.0301492
43 0.212076 0.193922 2.05911 0.0295545
43.05 0.220472 0.140721 2.05808 0.029039
43.1 0.226156 0.0857877 2.05733 0.0286648
43.15 0.229059 0.029797 2.05696 0.0284803
43.2 0.229144 -0.0265624 2.05702 0.0285125
43.25 0.226411 -0.0825972 2.05752 0.028762
43.3 0.220893 -0.137618 2.05841 0.0292036
43.35 0.212658 -0.190948 2.05958 0.02979
43.4 0.201807 -0.241932 2.06092 0.0304595
43.45 0.188473 -0.289942 2.06229 0.0311458
43.5 0.17282 -0.334387 2.06358 0.0317883
43.55 0.155041 -0.374721 2.06468 0.0323402
43.6 0.135355 -0.410447 2.06555 0.0327745
43.65 0.114002 -0.441126 2.06617 0.0330858
43.7 0.0912469 -0.466381 2.06657 0.0332874
43.75 0.0673684 -0.4859 2.06681 0.0334058
43.8 0.0426604 -0.499443 2.06695 0.033473
43.85 0.0174267 -0.506843 2.06703 0.0335171
43.9 -0.00802228 -0.508009 2.06711 0.0335561
43.95 -0.0333736 -0.502927 2.06719 0.0335929
44 -0.0583153 -0.491659 2.06723 0.0336149
44.05 -0.0825407 -0.474342 2.06719 0.0335968
44.1 -0.105752 -0.451191 2.06701 0.0335071
44.15 -0.127663 -0.422489 2.06663 0.0333163
44.2 -0.148005 -0.388589 2.06601 0.0330052
44.25 -0.166527 -0.349909 2.06514 0.0325719
44.3 -0.183001 -0.306923 2.06407 0.0320353
44.35 -0.197225 -0.26016 2.06287 0.0314352
44.4 -0.209024 -0.210195 2.06166 0.0308282
44.45 -0.218252 -0.157643 2.06056 0.0302796
44.5 -0.224796 -0.10315 2.05971 0.0298543
44.55 -0.228575 -0.0473868 2.05921 0.029606
44.6 -0.229543 0.00896185 2.05914 0.029569
44.65 -0.227688 0.0652024 2.0595 0.0297525
44.7 -0.223032 0.120643 2.06028 0.030139
44.75 -0.215632 0.174602 2.06137 0.0306874
44.8 -0.20558 0.226415 2.06268 0.0313394
44.85 -0.192999 0.275445 2.06406 0.0320289
44.9 -0.178043 0.321089 2.06538 0.0326922
44.95 -0.160897 0.362786 2.06656 0.0332775
45 -0.141771 0.400021 2.0675 0.0337511
45.05 -0.120901 0.432338 2.0682 0.0341009
45.1 -0.0985426 0.459338 2.06867 0.0343348
45.15 -0.0749715 0.480689 2.06895 0.0344762
45.2 -0.0504774 0.496129 2.06911 0.0345561
45.25 -0.0253614 0.505467 2.06921 0.034605
45.3 6.73852e-05 0.508587 2.06929 0.0346445
45.35 0.0254963 0.505453 2.06937 0.0346827
45.4 0.0506126 0.496101 2.06942 0.0347116
45.45 0.0751074 0.480646 2.06942 0.0347092
45.5 0.0986792 0.459279 2.06929 0.0346451
45.55 0.121038 0.432262 2.06898 0.0344883
45.6 0.141909 0.399927 2.06843 0.0342153
45.65 0.161035 0.362672 2.06764 0.0338183
45.7 0.178182 0.320954 2.06662 0.0333094
45.75 0.193137 0.275287 2.06544 0.0327225
45.8 0.205717 0.226233 2.06422 0.0321095
45.85 0.215767 0.174394 2.06307 0.0315342
45.9 0.223164 0.120407 2.06213 0.0310629
45.95 0.227816 0.0649381 2.06151 0.0307538
46 0.229666 0.00866806 2.0613 0.0306483
46.05 0.228692 -0.0477108 2.06153 0.0307637
46.1 0.224904 -0.103505 2.06218 0.0310909
46.15 0.21835 -0.158028 2.06319 0.0315954
46.2 0.20911 -0.210609 2.06445 0.0322232
46.25 0.197297 -0.260602 2.06582 0.0329096
46.3 0.183057 -0.307391 2.06718 0.0335888
46.35 0.166565 -0.350401 2.06841 0.0342043
46.4 0.148024 -0.389103 2.06943 0.0347162
46.45 0.127661 -0.42302 2.07021 0.0351054
46.5 0.105727 -0.451736 2.07075 0.0353742
46.55 0.0824924 -0.474896 2.07108 0.0355416
46.6 0.0582419 -0.492215 2.07127 0.0356375
46.65 0.033274 -0.503481 2.07139 0.0356932
46.7 0.00789597 -0.508555 2.07147 0.0357341
46.75 -0.0175802 -0.507373 2.07155 0.0357729
46.8 -0.042841 -0.499951 2.07161 0.0358065
46.85 -0.0675759 -0.486379 2.07163 0.0358169
46.9 -0.0914805 -0.466823 2.07155 0.0357754
46.95 -0.114261 -0.441526 2.0713 0.0356503
47 -0.135636 -0.410796 2.07083 0.0354147
47.05 -0.155345 -0.375013 2.07011 0.0350553
47.1 -0.173143 -0.334615 2.06916 0.0345777
47.15 -0.188812 -0.2901 2.06802 0.0340091
47.2 -0.202159 -0.242015 2.06679 0.0333964
47.25 -0.213021 -0.190952 2.0656 0.0328009
47.3 -0.221262 -0.137538 2.06458 0.0322891
47.35 -0.226782 -0.0824299 2.06385 0.0319231
47.4 -0.229513 -0.0263061 2.0635 0.0317505
47.45 -0.229422 0.0301434 2.06359 0.0317967
47.5 -0.226508 0.0862242 2.06412 0.0320609
47.55 -0.220808 0.141247 2.06503 0.0325159
47.6 -0.212392 0.194534 2.06623 0.0331131
47.65 -0.201363 0.24543 2.06758 0.0337898
47.7 -0.187857 0.293309 2.06896 0.0344793
47.75 -0.172039 0.337583 2.07024 0.0351212
47.8 -0.154105 0.377706 2.07134 0.0356697
47.85 -0.134275 0.413184 2.0722 0.0360988
47.9 -0.112793 0.443582 2.07281 0.0364045
47.95 -0.0899221 0.468525 2.0732 0.0366011
48 -0.0659445 0.487705 2.07343 0.036716
48.05 -0.0411549 0.500888 2.07356 0.0367812
48.1 -0.0158582 0.50791 2.07365 0.0368248
48.15 0.00963452 0.508685 2.07373 0.0368638
48.2 0.0350097 0.503203 2.0738 0.0369004
48.25 0.0599552 0.491532 2.07384 0.0369207
48.3 0.0841642 0.473814 2.0738 0.0368988
48.35 0.107339 0.450268 2.07361 0.0368028
48.4 0.129194 0.421182 2.07321 0.0366035
48.45 0.149461 0.386915 2.07256 0.0362825
48.5 0.167891 0.347888 2.07168 0.0358389
48.55 0.184256 0.304579 2.07059 0.0352933
48.6 0.198355 0.257523 2.06937 0.034687
48.65 0.210015 0.207298 2.06816 0.0340777
48.7 0.219092 0.154521 2.06706 0.0335315
48.75 0.225475 0.0998409 2.06623 0.033113
48.8 0.229084 0.0439311 2.06575 0.0328756
48.85 0.229876 -0.0125212 2.0657 0.0328521
48.9 0.227841 -0.0688216 2.0661 0.0330503
48.95 0.223003 -0.124278 2.0669 0.0334509
49 0.215422 -0.178207 2.06802 0.034011
49.05 0.205191 -0.229947 2.06934 0.0346714
49.1 0.192435 -0.27886 2.07073 0.0353654
49.15 0.177312 -0.324345 2.07206 0.0360293
49.2 0.160008 -0.365842 2.07322 0.0366119
49.25 0.140735 -0.402841 2.07416 0.0370807
49.3 0.11973 -0.434886 2.07485 0.0374249
49.35 0.0972514 -0.461583 2.07531 0.0376535
49.4 0.073576 -0.482604 2.07558 0.0377908
49.45 0.0489947 -0.49769 2.07574 0.0378683
49.5 0.0238098 -0.506654 2.07583 0.0379163
49.55 -0.00166892 -0.509387 2.07591 0.0379558
49.6 -0.027128 -0.505855 2.07599 0.0379939
49.65 -0.0522545 -0.4961 2.07604 0.0380216
49.7 -0.0767391 -0.480243 2.07603 0.0380162
49.75 -0.100281 -0.458478 2.07589 0.0379466
49.8 -0.12259 -0.431073 2.07556 0.0377818
49.85 -0.143392 -0.398365 2.075 0.0374992
49.9 -0.162431 -0.360756 2.07418 0.0370918
49.95 -0.179473 -0.318708 2.07315 0.0365735
50 -0.194308 -0.272738 2.07196 0.0359793
50.05 -0.206753 -0.223412 2.07073 0.0353627
50.1 -0.216656 -0.171336 2.06958 0.0347882
50.15 -0.223895 -0.11715 2.06864 0.0343224
50.2 -0.228379 -0.0615218 2.06805 0.0340231
50.25 -0.230055 -0.00513456 2.06786 0.0339305
50.3 -0.228901 0.051318 2.06812 0.0340605
50.35 -0.224932 0.107141 2.0688 0.0344021
50.4 -0.218196 0.161649 2.06984 0.0349192
50.45 -0.208776 0.214171 2.07111 0.0355566
50.5 -0.196787 0.26406 2.0725 0.0362487
50.55 -0.182378 0.310703 2.07386 0.0369296
50.6 -0.165724 0.353526 2.07509 0.0375434
50.65 -0.147032 0.392002 2.0761 0.038051
50.7 -0.12653 0.425658 2.07687 0.0384347
50.75 -0.104472 0.45408 2.0774 0.038698
50.8 -0.081127 0.476917 2.07772 0.0388609
50.85 -0.0567837 0.49389 2.07791 0.0389538
50.9 -0.0317411 0.504788 2.07802 0.0390082
50.95 -0.00630707 0.509477 2.0781 0.0390489
51 0.0192055 0.5079 2.07818 0.0390877
51.05 0.0444827 0.500076 2.07824 0.0391206
51.1 0.0692138 0.486101 2.07826 0.0391286
51.15 0.0930945 0.466146 2.07816 0.0390824
51.2 0.115831 0.440456 2.0779 0.03895
51.25 0.137144 0.409348 2.07741 0.0387052
51.3 0.15677 0.373204 2.07667 0.0383356
51.35 0.174469 0.332468 2.0757 0.037848
51.4 0.190023 0.287641 2.07454 0.0372713
51.45 0.20324 0.239274 2.07331 0.0366537
51.5 0.213957 0.187962 2.07212 0.0360575
51.55 0.222044 0.134337 2.0711 0.0355498
51.6 0.227399 0.0790571 2.07038 0.0351924
51.65 0.229958 0.0228027 2.07006 0.0350319
51.7 0.229688 -0.0337342 2.07018 0.0350923
51.75 0.226593 -0.0898583 2.07074 0.0353711
51.8 0.220711 -0.144879 2.07168 0.0358396
51.85 0.212113 -0.19812 2.07289 0.0364474
51.9 0.200907 -0.248926 2.07426 0.0371311
51.95 0.187229 -0.296673 2.07565 0.0378236
52 0.171247 -0.340771 2.07693 0.0384647
52.05 0.153159 -0.380681 2.07802 0.0390096
52.1 0.133186 -0.415909 2.07887 0.0394335
52.15 0.111574 -0.446022 2.07947 0.0397335
52.2 0.0885884 -0.470651 2.07985 0.0399252
52.25 0.0645127 -0.489492 2.08007 0.0400366
52.3 0.0396426 -0.502312 2.0802 0.0401
52.35 0.0142839 -0.508955 2.08029 0.0401431
52.4 -0.0112514 -0.509337 2.08036 0.0401822
52.45 -0.0366493 -0.503455 2.08044 0.0402184
52.5 -0.0615974 -0.49138 2.08047 0.0402369
52.55 -0.0857887 -0.473261 2.08042 0.040211
52.6 -0.108926 -0.449319 2.08022 0.0401086
52.65 -0.130724 -0.41985 2.0798 0.0399006
52.7 -0.150915 -0.385216 2.07914 0.0395694
52.75 -0.16925 -0.345842 2.07823 0.0391156
52.8 -0.185505 -0.302213 2.07712 0.0385612
52.85 -0.199478 -0.254865 2.0759 0.0379488
52.9 -0.210998 -0.204381 2.07467 0.0373375
52.95 -0.219924 -0.15138 2.07359 0.0367938
53 -0.226144 -0.0965157 2.07277 0.0363826
53.05 -0.229583 -0.0404621 2.07231 0.0361563
53.1 -0.230199 0.0160913 2.07229 0.0361466
53.15 -0.227983 0.0724489 2.07272 0.0363596
53.2 -0.222963 0.127918 2.07355 0.0367741
53.25 -0.2152 0.181815 2.07469 0.037346
53.3 -0.20479 0.233478 2.07603 0.0380146
53.35 -0.19186 0.282271 2.07743 0.0387127
53.4 -0.17657 0.327594 2.07875 0.039377
53.45 -0.159108 0.368889 2.07991 0.0399568
53.5 -0.139688 0.405649 2.08084 0.0404207
53.55 -0.118549 0.43742 2.08152 0.0407592
53.6 -0.0959511 0.463812 2.08197 0.0409826
53.65 -0.0721722 0.484501 2.08223 0.0411159
53.7 -0.0475047 0.49923 2.08238 0.041191
53.75 -0.0222519 0.50782 2.08248 0.0412381
53.8 0.0032755 0.510163 2.08256 0.0412777
53.85 0.0287636 0.506232 2.08263 0.0413157
53.9 0.0538988 0.496074 2.08268 0.0413421
53.95 0.0783721 0.479814 2.08267 0.0413334
54 0.101882 0.457651 2.08252 0.0412581
54.05 0.12414 0.429859 2.08217 0.0410853
54.1 0.144872 0.396778 2.08159 0.0407928
54.15 0.163823 0.358815 2.08075 0.0403751
54.2 0.180759 0.316438 2.07969 0.0398473
54.25 0.195473 0.270166 2.07849 0.039246
54.3 0.207782 0.22057 2.07725 0.038626
54.35 0.217537 0.168259 2.07611 0.0380527
54.4 0.224616 0.113877 2.07519 0.0375927
54.45 0.228933 0.0580914 2.07461 0.0373034
54.5 0.230434 0.00158948 2.07445 0.037224
54.55 0.2291 -0.0549341 2.07474 0.0373686
54.6 0.224949 -0.110784 2.07545 0.0377247
54.65 0.218031 -0.165274 2.07651 0.0382544
54.7 0.20843 -0.217732 2.0778 0.0389012
54.75 0.196265 -0.267515 2.0792 0.0395987
54.8 0.181686 -0.314009 2.08056 0.0402812
54.85 0.164872 -0.356642 2.08179 0.040893
54.9 0.146029 -0.39489 2.08279 0.0413962
54.95 0.125389 -0.428283 2.08355 0.0417744
55 0.103206 -0.456408 2.08406 0.0420321
55.05 0.079753 -0.478921 2.08438 0.0421906
55.1 0.055318 -0.495544 2.08456 0.0422806
55.15 0.0302016 -0.506073 2.08467 0.0423337
55.2 0.00471277 -0.510377 2.08475 0.0423742
55.25 -0.020835 -0.508403 2.08483 0.0424131
55.3 -0.0461274 -0.500177 2.08489 0.0424452
55.35 -0.0708534 -0.485797 2.0849 0.0424506
55.4 -0.0947088 -0.465442 2.0848 0.0423995
55.45 -0.1174 -0.439361 2.08452 0.0422597
55.5 -0.138648 -0.407874 2.08401 0.0420056
55.55 -0.158192 -0.37137 2.08325 0.0416255
55.6 -0.175791 -0.330297 2.08226 0.041128
55.65 -0.191228 -0.285159 2.08109 0.0405433
55.7 -0.204313 -0.236512 2.07984 0.0399211
55.75 -0.214886 -0.184954 2.07865 0.0393245
55.8 -0.222816 -0.131119 2.07764 0.0388212
55.85 -0.228006 -0.0756694 2.07695 0.0384726
55.9 -0.230392 -0.019287 2.07665 0.0383245
55.95 -0.229943 0.0373348 2.0768 0.0383993
56 -0.226667 0.0934995 2.07739 0.0386929
56.05 -0.220602 0.148516 2.07835 0.0391747
56.1 -0.211824 0.201708 2.07959 0.0397931
56.15 -0.200439 0.252421 2.08097 0.0404835
56.2 -0.186589 0.300031 2.08236 0.0411787
56.25 -0.170444 0.343953 2.08364 0.0418189
56.3 -0.152201 0.383645 2.08472 0.04236
56.35 -0.132086 0.418621 2.08556 0.0427785
56.4 -0.110345 0.448448 2.08615 0.0430728
56.45 -0.0872459 0.47276 2.08652 0.0432596
56.5 -0.063073 0.491259 2.08674 0.0433677
56.55 -0.0381233 0.503716 2.08686 0.0434293
56.6 -0.0127038 0.509977 2.08694 0.0434719
56.65 0.0128729 0.509966 2.08702 0.0435112
56.7 0.0382923 0.503682 2.08709 0.0435469
56.75 0.0632416 0.491202 2.08713 0.0435635
56.8 0.087414 0.472681 2.08707 0.0435335
56.85 0.110512 0.448344 2.08685 0.0434244
56.9 0.132252 0.418492 2.08641 0.0432075
56.95 0.152365 0.383492 2.08573 0.0428661
57 0.170606 0.343773 2.0848 0.042402
57.05 0.186748 0.299824 2.08368 0.0418388
57.1 0.200595 0.252186 2.08244 0.0412206
57.15 0.211974 0.201444 2.08121 0.0406075
57.2 0.220747 0.148222 2.08013 0.0400668
57.25 0.226804 0.093175 2.07933 0.0396631
57.3 0.230072 0.03698 2.0789 0.0394482
57.35 0.230511 -0.019672 2.07891 0.0394525
57.4 0.228114 -0.0760842 2.07936 0.0396803
57.45 0.222911 -0.131563 2.08022 0.0401089
57.5 0.214966 -0.185425 2.08138 0.0406923
57.55 0.204377 -0.237008 2.08274 0.0413689
57.6 0.191273 -0.285679 2.08414 0.042071
57.65 0.175817 -0.330837 2.08547 0.0427354
57.7 0.158197 -0.371928 2.08662 0.0433121
57.75 0.138631 -0.408445 2.08754 0.0437711
57.8 0.117358 -0.43994 2.08821 0.0441038
57.85 0.0946418 -0.466025 2.08864 0.044322
57.9 0.0707603 -0.486378 2.0889 0.0444514
57.95 0.0460075 -0.50075 2.08905 0.0445243
58 0.0206879 -0.508963 2.08914 0.0445706
58.05 -0.00488706 -0.510916 2.08922 0.0446102
58.1 -0.0304029 -0.506585 2.0893 0.044648
58.15 -0.0555458 -0.496023 2.08935 0.0446731
58.2 -0.0800063 -0.479359 2.08932 0.044661
58.25 -0.103484 -0.456798 2.08916 0.0445798
58.3 -0.125689 -0.428618 2.0888 0.0443987
58.35 -0.146349 -0.395165 2.08819 0.0440963
58.4 -0.16521 -0.35685 2.08734 0.0436681
58.45 -0.18204 -0.314144 2.08626 0.0431308
58.5 -0.196631 -0.267573 2.08505 0.0425226
58.55 -0.208804 -0.217708 2.0838 0.0418995
58.6 -0.218409 -0.165164 2.08266 0.0413276
58.65 -0.225328 -0.110587 2.08175 0.0408738
58.7 -0.229476 -0.0546471 2.08119 0.0405949
58.75 -0.230802 0.00196701 2.08106 0.0405288
58.8 -0.229288 0.058559 2.08138 0.0406882
58.85 -0.224954 0.114433 2.08212 0.0410588
58.9 -0.217853 0.168901 2.0832 0.041601
58.95 -0.208073 0.221294 2.08451 0.042257
59 -0.195732 0.270967 2.08592 0.0429598
59.05 -0.180984 0.317309 2.08729 0.0436435
59.1 -0.164009 0.35975 2.08851 0.0442532
59.15 -0.145016 0.397767 2.0895 0.0447519
59.2 -0.124238 0.430894 2.09025 0.0451244
59.25 -0.101932 0.458721 2.09075 0.0453766
59.3 -0.0783706 0.480907 2.09106 0.0455307
59.35 -0.0538447 0.497179 2.09124 0.0456179
59.4 -0.0286556 0.507336 2.09134 0.0456698
59.45 -0.00311312 0.511253 2.09142 0.0457102
59.5 0.0224686 0.508882 2.0915 0.0457491
59.55 0.047775 0.500252 2.09156 0.0457804
59.6 0.0724947 0.485468 2.09157 0.045783
59.65 0.0963236 0.464712 2.09145 0.0457268
59.7 0.118969 0.438239 2.09116 0.0455794
59.75 0.140151 0.406375 2.09063 0.0453157
59.8 0.159611 0.369512 2.08985 0.0449252
59.85 0.177108 0.328102 2.08884 0.0444178
59.9 0.192427 0.282654 2.08765 0.0438252
59.95 0.20538 0.233729 2.0864 0.0431985
60 0.215807 0.181926 2.0852 0.0426019
60.05 0.22358 0.127884 2.08421 0.0421033
60.1 0.228603 0.0722671 2.08353 0.0417639
60.15 0.230815 0.015759 2.08326 0.0416284
60.2 0.230188 -0.040945 2.08344 0.0417178
60.25 0.226729 -0.0971475 2.08405 0.0420262
60.3 0.220482 -0.152157 2.08504 0.0425212
60.35 0.211522 -0.205297 2.0863 0.04315
60.4 0.19996 -0.255915 2.08769 0.043847
60.45 0.185939 -0.303386 2.08909 0.0445447
60.5 0.169629 -0.347127 2.09037 0.0451837
60.55 0.151233 -0.3866 2.09144 0.0457208
60.6 0.130976 -0.42132 2.09227 0.0461339
60.65 0.109107 -0.450858 2.09285 0.0464225
60.7 0.0858947 -0.474852 2.09321 0.0466045
60.75 0.0616254 -0.493007 2.09342 0.0467092
60.8 0.0365972 -0.505098 2.09354 0.0467692
60.85 0.011118 -0.510976 2.09362 0.0468115
60.9 -0.014499 -0.51057 2.0937 0.0468508
60.95 -0.0399386 -0.503884 2.09377 0.046886
61 -0.0648879 -0.490999 2.0938 0.0469006
61.05 -0.08904 -0.472075 2.09373 0.0468662
61.1 -0.112098 -0.447344 2.0935 0.0467502
61.15 -0.133778 -0.417109 2.09305 0.0465243
61.2 -0.153813 -0.381742 2.09235 0.0461726
61.25 -0.171957 -0.341679 2.0914 0.0456982
61.3 -0.187987 -0.297412 2.09025 0.0451263
61.35 -0.201705 -0.249485 2.089 0.0445024
61.4 -0.212942 -0.198487 2.08778 0.0438878
61.45 -0.221561 -0.145046 2.0867 0.0433503
61.5 -0.227455 -0.0898187 2.08591 0.0429545
61.55 -0.230551 -0.0334848 2.0855 0.0427513
61.6 -0.230812 0.0232632 2.08554 0.0427698
61.65 -0.228233 0.0797271 2.08603 0.0430126
61.7 -0.222848 0.135213 2.08691 0.0434551
61.75 -0.214721 0.189037 2.0881 0.0440499
61.8 -0.203952 0.240538 2.08947 0.0447344
61.85 -0.190675 0.289083 2.09088 0.0454403
61.9 -0.175052 0.334073 2.09221 0.0461045
61.95 -0.157275 0.374956 2.09336 0.0466781
62 -0.137563 0.411229 2.09426 0.0471318
62.05 -0.116158 0.442445 2.09492 0.0474588
62.1 -0.0933234 0.46822 2.09534 0.0476718
62.15 -0.0693402 0.488237 2.09559 0.0477973
62.2 -0.0445032 0.502249 2.09574 0.0478681
62.25 -0.0191179 0.510084 2.09583 0.0479137
62.3 0.00650352 0.511645 2.09591 0.0479533
62.35 0.0320459 0.506913 2.09598 0.047991
62.4 0.0571951 0.495946 2.09603 0.0480146
62.45 0.0816417 0.478878 2.096 0.0479989
62.5 0.105085 0.455919 2.09582 0.0479116
62.55 0.127237 0.427352 2.09544 0.047722
62.6 0.147824 0.393527 2.09482 0.0474095
62.65 0.166594 0.35486 2.09394 0.0469709
62.7 0.183316 0.311827 2.09285 0.0464242
62.75 0.197783 0.264957 2.09162 0.0458092
62.8 0.209818 0.214826 2.09037 0.0451832
62.85 0.219273 0.162051 2.08923 0.0446131
62.9 0.226031 0.107281 2.08833 0.0441657
62.95 0.23001 0.0511889 2.08779 0.0438975
63 0.231159 -0.00553479 2.08769 0.043845
63.05 0.229465 -0.0621925 2.08804 0.0440194
63.1 0.224948 -0.118087 2.08881 0.0444044
63.15 0.217665 -0.172532 2.08992 0.044959
63.2 0.207703 -0.224856 2.09125 0.0456241
63.25 0.195187 -0.274417 2.09266 0.0463319
63.3 0.18027 -0.320604 2.09403 0.0470167
63.35 0.163134 -0.36285 2.09525 0.047624
63.4 0.143991 -0.400633 2.09624 0.048118
63.45 0.123077 -0.433491 2.09697 0.0484848
63.5 0.100648 -0.461018 2.09746 0.0487315
63.55 0.0769797 -0.482875 2.09776 0.0488812
63.6 0.052364 -0.498794 2.09793 0.0489658
63.65 0.0271033 -0.508578 2.09803 0.0490166
63.7 0.0015082 -0.512107 2.09811 0.0490569
63.75 -0.0241064 -0.509337 2.09819 0.0490958
63.8 -0.0494254 -0.500302 2.09825 0.049126
63.85 -0.0741374 -0.485113 2.09825 0.0491259
63.9 -0.0979385 -0.463956 2.09813 0.0490643
63.95 -0.120536 -0.437092 2.09782 0.0489092
64 -0.141651 -0.404851 2.09727 0.0486357
64.05 -0.161025 -0.367628 2.09647 0.0482347
64.1 -0.17842 -0.325883 2.09543 0.0477174
64.15 -0.19362 -0.280127 2.09423 0.047117
64.2 -0.206439 -0.230925 2.09297 0.0464861
64.25 -0.216719 -0.17888 2.09178 0.0458898
64.3 -0.224335 -0.124632 2.09079 0.0453962
64.35 -0.229191 -0.0688501 2.09013 0.0450663
64.4 -0.231228 -0.0122189 2.08989 0.0449436
64.45 -0.230421 0.0445647 2.0901 0.0450478
64.5 -0.22678 0.100802 2.09074 0.045371
64.55 -0.22035 0.155802 2.09176 0.0458793
64.6 -0.211209 0.208888 2.09304 0.0465182
64.65 -0.199469 0.259406 2.09444 0.0472216
64.7 -0.185276 0.306735 2.09584 0.0479215
64.75 -0.168803 0.350294 2.09712 0.0485591
64.8 -0.150254 0.389545 2.09818 0.0490922
64.85 -0.129855 0.424006 2.099 0.0494997
64.9 -0.107859 0.453253 2.09957 0.0497826
64.95 -0.0845347 0.476927 2.09992 0.0499598
65 -0.0601701 0.494735 2.10012 0.0500613
65.05 -0.0350644 0.506458 2.10024 0.0501198
65.1 -0.00952653 0.511952 2.10032 0.0501617
65.15 0.0161295 0.51115 2.1004 0.0502011
65.2 0.0415881 0.50406 2.10047 0.0502358
65.25 0.0665361 0.49077 2.1005 0.0502481
65.3 0.0906667 0.471443 2.10042 0.0502092
65.35 0.113683 0.446317 2.10017 0.0500861
65.4 0.135302 0.415699 2.0997 0.049851
65.45 0.155257 0.379968 2.09898 0.0494888
65.5 0.173304 0.339561 2.09801 0.0490042
65.55 0.189219 0.294977 2.09685 0.0484236
65.6 0.202808 0.246762 2.09559 0.0477943
65.65 0.213902 0.195511 2.09436 0.0471785
65.7 0.222366 0.141852 2.09329 0.0466446
65.75 0.228096 0.0864472 2.09251 0.046257
65.8 0.23102 0.0299767 2.09213 0.0460657
65.85 0.231102 -0.0268647 2.0922 0.0460986
65.9 0.228342 -0.0833777 2.09271 0.0463564
65.95 0.222773 -0.138867 2.09363 0.0468128
66 0.214464 -0.192651 2.09484 0.047419
66.05 0.203516 -0.244067 2.09622 0.048111
66.1 0.190065 -0.292483 2.09764 0.0488204
66.15 0.174276 -0.337303 2.09897 0.0494844
66.2 0.156342 -0.377976 2.10011 0.0500545
66.25 0.136484 -0.414001 2.10101 0.0505031
66.3 0.114948 -0.444936 2.10165 0.0508243
66.35 0.091996 -0.470399 2.10206 0.051032
66.4 0.067912 -0.490077 2.10231 0.0511538
66.45 0.0429918 -0.503727 2.10245 0.0512225
66.5 0.0175419 -0.511183 2.10253 0.0512675
66.55 -0.00812482 -0.51235 2.10261 0.0513072
66.6 -0.0336925 -0.507217 2.10269 0.0513446
66.65 -0.0588468 -0.495844 2.10273 0.0513666
66.7 -0.0832781 -0.478371 2.10269 0.0513471
66.75 -0.106686 -0.455014 2.10251 0.0512535
66.8 -0.128783 -0.42606 2.10211 0.0510553
66.85 -0.149296 -0.391863 2.10147 0.0507326
66.9 -0.167974 -0.352846 2.10057 0.0502834
66.95 -0.184586 -0.309487 2.09945 0.0497274
67 -0.198929 -0.26232 2.09821 0.0491059
67.05 -0.210825 -0.211924 2.09695 0.0484772
67.1 -0.220129 -0.15892 2.09582 0.0479091
67.15 -0.226725 -0.103959 2.09494 0.0474686
67.2 -0.230533 -0.0477171 2.09442 0.0472113
67.25 -0.231505 0.00911371 2.09435 0.0471726
67.3 -0.22963 0.0658345 2.09472 0.0473621
67.35 -0.224931 0.121748 2.09552 0.0477616
67.4 -0.217464 0.176165 2.09666 0.0483285
67.45 -0.207322 0.228418 2.098 0.0490024
67.5 -0.19463 0.277864 2.09943 0.0497151
67.55 -0.179544 0.323893 2.1008 0.0504007
67.6 -0.162248 0.36594 2.10201 0.0510054
67.65 -0.142957 0.403488 2.10299 0.0514946
67.7 -0.121906 0.436074 2.10371 0.0518556
67.75 -0.0993545 0.463298 2.10419 0.0520968
67.8 -0.0755805 0.484824 2.10448 0.0522423
67.85 -0.0508759 0.500388 2.10465 0.0523242
67.9 -0.0255445 0.509797 2.10475 0.0523741
67.95 0.000101942 0.512936 2.10483 0.0524143
68 0.0257481 0.509766 2.10491 0.0524532
68.05 0.0510786 0.500326 2.10496 0.0524823
68.1 0.0757817 0.484731 2.10496 0.0524791
68.15 0.0995536 0.463174 2.10482 0.052412
68.2 0.122102 0.435919 2.1045 0.0522489
68.25 0.143149 0.4033 2.10393 0.0519656
68.3 0.162437 0.36572 2.10311 0.051554
68.35 0.179727 0.32364 2.10205 0.0510267
68.4 0.194807 0.277578 2.10084 0.0504187
68.45 0.207491 0.2281 2.09957 0.0497838
68.5 0.217624 0.175814 2.09838 0.0491881
68.55 0.22508 0.121364 2.0974 0.0486999
68.6 0.229769 0.0654187 2.09676 0.0483797
68.65 0.231631 0.00866691 2.09654 0.0482702
68.7 0.230644 -0.0481937 2.09678 0.0483893
68.75 0.22682 -0.104464 2.09745 0.0487273
68.8 0.220206 -0.159451 2.0985 0.0492488
68.85 0.210884 -0.212479 2.0998 0.0498978
68.9 0.198967 -0.262895 2.10121 0.0506073
68.95 0.184602 -0.31008 2.10262 0.0513093
69 0.167966 -0.353452 2.10389 0.0519453
69.05 0.149264 -0.392479 2.10495 0.0524741
69.1 0.128725 -0.426679 2.10575 0.052876
69.15 0.106601 -0.455633 2.10631 0.0531532
69.2 0.0831661 -0.478983 2.10665 0.0533256
69.25 0.058707 -0.496443 2.10685 0.053424
69.3 0.0335249 -0.507797 2.10696 0.053481
69.35 0.00792951 -0.512906 2.10705 0.0535226
69.4 -0.0177644 -0.511706 2.10712 0.0535621
69.45 -0.0432408 -0.504212 2.10719 0.0535961
69.5 -0.0681862 -0.490515 2.10721 0.0536061
69.55 -0.0922939 -0.470785 2.10712 0.0535625
69.6 -0.115267 -0.445264 2.10686 0.0534322
69.65 -0.136824 -0.414264 2.10638 0.0531876
69.7 -0.156698 -0.378168 2.10563 0.0528149
69.75 -0.174646 -0.337419 2.10464 0.05232
69.8 -0.190446 -0.292519 2.10346 0.0517309
69.85 -0.203904 -0.244018 2.10219 0.0510963
69.9 -0.214855 -0.192515 2.10096 0.0504796
69.95 -0.223163 -0.138641 2.0999 0.0499495
70 -0.228727 -0.0830604 2.09914 0.0495705
70.05 -0.231478 -0.0264558 2.09878 0.0493915
70.1 -0.231381 0.0304763 2.09888 0.0494389
70.15 -0.228439 0.0870357 2.09942 0.0497118
70.2 -0.222686 0.142527 2.10036 0.0501821
70.25 -0.214195 0.196267 2.1016 0.0507995
70.3 -0.203068 0.247595 2.103 0.0514989
70.35 -0.189443 0.295879 2.10442 0.0522116
70.4 -0.173488 0.340526 2.10575 0.052875
70.45 -0.155398 0.380986 2.10688 0.0534416
70.5 -0.135396 0.416761 2.10777 0.0538848
70.55 -0.113728 0.447412 2.1084 0.0542001
70.6 -0.0906597 0.47256 2.10881 0.0544028
70.65 -0.0664758 0.491897 2.10904 0.0545209
70.7 -0.0414734 0.505184 2.10918 0.0545876
70.75 -0.0159599 0.512258 2.10926 0.054632
70.8 0.00975089 0.513032 2.10934 0.0546717
70.85 0.0353427 0.507495 2.10942 0.0547089
70.9 0.0605007 0.495715 2.10946 0.0547292
70.95 0.0849156 0.477838 2.10941 0.0547057
71 0.108287 0.454083 2.10921 0.0546056
71.05 0.130327 0.424742 2.1088 0.0543986
71.1 0.150765 0.390175 2.10813 0.0540656
71.15 0.169349 0.350807 2.10721 0.0536058
71.2 0.185851 0.307123 2.10608 0.0530406
71.25 0.200068 0.25966 2.10483 0.0524126
71.3 0.211824 0.209002 2.10356 0.0517815
71.35 0.220976 0.15577 2.10243 0.0512158
71.4 0.227409 0.100621 2.10156 0.0507824
71.45 0.231046 0.0442317 2.10107 0.0505364
71.5 0.231841 -0.0127036 2.10102 0.0505117
71.55 0.229785 -0.0694848 2.10143 0.0507164
71.6 0.224901 -0.125413 2.10226 0.0511304
71.65 0.217252 -0.179802 2.10342 0.0517094
71.7 0.20693 -0.23198 2.10478 0.0523921
71.75 0.194062 -0.281307 2.10622 0.0531093
71.8 0.178807 -0.327176 2.10759 0.0537955
71.85 0.161352 -0.369023 2.10879 0.0543975
71.9 0.141911 -0.406332 2.10976 0.0548817
71.95 0.120725 -0.438644 2.11047 0.0552369
72 0.0980522 -0.465562 2.11095 0.0554726
72.05 0.0741729 -0.486755 2.11123 0.0556139
72.1 0.0493804 -0.501961 2.11139 0.0556934
72.15 0.0239795 -0.510994 2.11148 0.0557422
72.2 -0.00171723 -0.513742 2.11156 0.0557825
72.25 -0.0273938 -0.510171 2.11164 0.0558212
72.3 -0.0527344 -0.500325 2.1117 0.0558492
72.35 -0.0774273 -0.484324 2.11169 0.0558428
72.4 -0.101169 -0.462366 2.11154 0.05577
72.45 -0.123667 -0.434719 2.1112 0.0555987
72.5 -0.144645 -0.401724 2.11061 0.0553054
72.55 -0.163844 -0.363787 2.10977 0.0548831
72.6 -0.181029 -0.321374 2.10869 0.054346
72.65 -0.195987 -0.275006 2.10746 0.0537305
72.7 -0.208536 -0.225254 2.10618 0.0530919
72.75 -0.21852 -0.17273 2.10499 0.052497
72.8 -0.225817 -0.118079 2.10403 0.0520145
72.85 -0.230336 -0.061973 2.10341 0.0517044
72.9 -0.232023 -0.00510307 2.10322 0.0516082
72.95 -0.230855 0.0518318 2.10348 0.0517424
73 -0.226848 0.108131 2.10419 0.0520954
73.05 -0.220051 0.163103 2.10526 0.0526299
73.1 -0.210547 0.21607 2.10658 0.0532888
73.15 -0.198452 0.266382 2.10801 0.0540042
73.2 -0.183916 0.313419 2.10942 0.054708
73.25 -0.167118 0.356603 2.11068 0.0553421
73.3 -0.148263 0.395402 2.11173 0.0558665
73.35 -0.127584 0.429339 2.11253 0.0562627
73.4 -0.105335 0.457997 2.11307 0.0565342
73.45 -0.0817888 0.481022 2.1134 0.056702
73.5 -0.0572363 0.498131 2.11359 0.0567973
73.55 -0.0319788 0.509115 2.11371 0.0568529
73.6 -0.00632696 0.513836 2.11379 0.0568943
73.65 0.0194036 0.512237 2.11387 0.0569338
73.7 0.0448965 0.504338 2.11393 0.0569671
73.75 0.0698381 0.490235 2.11395 0.0569746
73.8 0.0939216 0.470101 2.11385 0.0569261
73.85 0.116851 0.444184 2.11358 0.0567883
73.9 0.138344 0.412803 2.11307 0.0565342
73.95 0.158136 0.376344 2.1123 0.0561509
74 0.175983 0.335253 2.11129 0.0556456
74.05 0.191667 0.290038 2.1101 0.0550481
74.1 0.204994 0.241253 2.10882 0.0544085
74.15 0.215799 0.1895 2.10758 0.0537911
74.2 0.223951 0.135413 2.10653 0.0532653
74.25 0.229349 0.0796586 2.10579 0.0528951
74.3 0.231926 0.0229224 2.10546 0.0527286
74.35 0.23165 -0.0340979 2.10558 0.0527908
74.4 0.228524 -0.0907009 2.10616 0.0530788
74.45 0.222588 -0.14619 2.10713 0.053563
74.5 0.213914 -0.199884 2.10838 0.0541914
74.55 0.202608 -0.251121 2.1098 0.0548981
74.6 0.18881 -0.299271 2.11123 0.0556138
74.65 0.172689 -0.343741 2.11255 0.0562764
74.7 0.154443 -0.383986 2.11368 0.0568393
74.75 0.134297 -0.419509 2.11455 0.057277
74.8 0.112498 -0.449873 2.11517 0.0575865
74.85 0.0893145 -0.474705 2.11557 0.057784
74.9 0.0650316 -0.493698 2.1158 0.0578986
74.95 0.039948 -0.50662 2.11593 0.0579634
75 0.014372 -0.513311 2.11601 0.0580073
75.05 -0.0113817 -0.513689 2.11609 0.0580471
75.1 -0.0369963 -0.507748 2.11617 0.0580838
75.15 -0.0621569 -0.495562 2.1162 0.0581023
75.2 -0.0865539 -0.477279 2.11615 0.0580747
75.25 -0.109887 -0.453126 2.11594 0.0579679
75.3 -0.13187 -0.423397 2.1155 0.0577519
75.35 -0.152231 -0.38846 2.11482 0.0574084
75.4 -0.170721 -0.348744 2.11388 0.056938
75.45 -0.187111 -0.304737 2.11273 0.0563636
75.5 -0.201201 -0.256979 2.11146 0.0557294
75.55 -0.212816 -0.206059 2.11019 0.0550962
75.6 -0.221814 -0.152603 2.10907 0.0545332
75.65 -0.228084 -0.0972669 2.10821 0.0541073
75.7 -0.231549 -0.0407329 2.10775 0.0538728
75.75 -0.232166 0.0163044 2.10772 0.0538624
75.8 -0.229928 0.0731432 2.10816 0.0540823
75.85 -0.224861 0.129084 2.10902 0.0545108
75.9 -0.217028 0.18344 2.1102 0.0551019
75.95 -0.206525 0.235541 2.11159 0.055793
76 -0.193482 0.284748 2.11303 0.0565147
76.05 -0.178058 0.330453 2.1144 0.0572011
76.1 -0.160444 0.372096 2.1156 0.0578002
76.15 -0.140855 0.409163 2.11656 0.0582793
76.2 -0.119533 0.441199 2.11726 0.0586287
76.25 -0.0967406 0.46781 2.11772 0.058859
76.3 -0.072757 0.488667 2.11799 0.0589961
76.35 -0.0478775 0.503515 2.11815 0.0590732
76.4 -0.0224083 0.512169 2.11824 0.0591211
76.45 0.0033376 0.514525 2.11832 0.0591614
76.5 0.0290434 0.510552 2.1184 0.0592
76.55 0.0543929 0.500298 2.11845 0.0592267
76.6 0.0790743 0.483891 2.11843 0.0592169
76.65 0.102784 0.461531 2.11828 0.0591382
76.7 0.12523 0.433494 2.11792 0.0589586
76.75 0.146137 0.400123 2.11731 0.0586551
76.8 0.165247 0.36183 2.11644 0.0582221
76.85 0.182326 0.319084 2.11535 0.0576751
76.9 0.197162 0.272412 2.1141 0.0570523
76.95 0.209574 0.222388 2.11282 0.0564102
77 0.219408 0.169627 2.11163 0.0558165
77.05 0.226544 0.114777 2.11068 0.0553401
77.1 0.230894 0.0585131 2.11008 0.0550404
77.15 0.232404 0.00152756 2.10992 0.0549578
77.2 0.231056 -0.0554789 2.11021 0.0551071
77.25 0.226865 -0.111805 2.11095 0.055475
77.3 0.219884 -0.166758 2.11205 0.0560226
77.35 0.210198 -0.219662 2.11338 0.0566912
77.4 0.197926 -0.269867 2.11482 0.0574123
77.45 0.183219 -0.316753 2.11624 0.0581176
77.5 0.166258 -0.359746 2.1175 0.0587497
77.55 0.147251 -0.398315 2.11854 0.0592695
77.6 0.126433 -0.431986 2.11932 0.05966
77.65 0.104058 -0.460345 2.11985 0.0599257
77.7 0.080403 -0.483043 2.12018 0.0600889
77.75 0.0557579 -0.4998 2.12036 0.0601813
77.8 0.030426 -0.51041 2.12047 0.0602355
77.85 0.00471897 -0.514743 2.12055 0.0602768
77.9 -0.0210471 -0.512744 2.12063 0.0603163
77.95 -0.0465552 -0.504438 2.1207 0.0603488
78 -0.0714917 -0.489928 2.12071 0.0603537
78.05 -0.0955498 -0.469391 2.1206 0.0603
78.1 -0.118433 -0.443079 2.12031 0.0601546
78.15 -0.139861 -0.411317 2.11978 0.0598908
78.2 -0.15957 -0.374494 2.11899 0.0594967
78.25 -0.177316 -0.333063 2.11796 0.0589811
78.3 -0.192882 -0.287534 2.11675 0.0583754
78.35 -0.206076 -0.238467 2.11546 0.0577309
78.4 -0.216736 -0.186465 2.11423 0.0571132
78.45 -0.22473 -0.132167 2.11318 0.0565919
78.5 -0.229961 -0.0762417 2.11246 0.0562308
78.55 -0.232363 -0.0193764 2.11215 0.0560772
78.6 -0.231907 0.0377294 2.11231 0.0561542
78.65 -0.228599 0.0943733 2.11292 0.0564576
78.7 -0.222478 0.149858 2.11391 0.0569556
78.75 -0.213621 0.203502 2.11519 0.0575948
78.8 -0.202137 0.254645 2.11662 0.0583085
78.85 -0.188165 0.302658 2.11805 0.059027
78.9 -0.171878 0.34695 2.11938 0.0596886
78.95 -0.153477 0.386976 2.1205 0.0602476
79 -0.133187 0.422243 2.12136 0.0606797
79.05 -0.111258 0.452319 2.12197 0.0609834
79.1 -0.0879604 0.476832 2.12235 0.0611758
79.15 -0.0635795 0.49548 2.12257 0.0612869
79.2 -0.0384156 0.508035 2.1227 0.0613499
79.25 -0.0127783 0.514342 2.12279 0.0613933
79.3 0.0130171 0.514322 2.12287 0.0614332
79.35 0.0386534 0.507976 2.12294 0.0614695
79.4 0.0638152 0.495382 2.12297 0.061486
79.45 0.088193 0.476694 2.12291 0.0614541
79.5 0.111487 0.452142 2.12268 0.0613404
79.55 0.133411 0.422027 2.12223 0.0611152
79.6 0.153694 0.386721 2.12152 0.0607611
79.65 0.172088 0.346656 2.12056 0.0602802
79.7 0.188365 0.302327 2.11939 0.0596966
79.75 0.202327 0.254276 2.11811 0.0590563
79.8 0.2138 0.203097 2.11684 0.0584213
79.85 0.222644 0.149417 2.11572 0.0578614
79.9 0.22875 0.0938974 2.11489 0.0574433
79.95 0.232042 0.0372208 2.11444 0.0572205
80 0.23248 -0.0199158 2.11445 0.0572246
80.05 0.230059 -0.0768095 2.11492 0.0574599
80.1 0.224808 -0.132761 2.11581 0.0579029
80.15 0.216792 -0.187081 2.11701 0.058506
80.2 0.206109 -0.239102 2.11841 0.0592054
80.25 0.19289 -0.288184 2.11986 0.0599311
80.3 0.177298 -0.333723 2.12124 0.0606177
80.35 0.159525 -0.37516 2.12243 0.0612136
80.4 0.139789 -0.411983 2.12338 0.0616876
80.45 0.118332 -0.44374 2.12406 0.062031
80.5 0.0954199 -0.47004 2.12451 0.0622558
80.55 0.0713328 -0.49056 2.12478 0.062389
80.6 0.0463675 -0.505047 2.12493 0.0624637
80.65 0.0208308 -0.513322 2.12502 0.0625108
80.7 -0.00496298 -0.515283 2.1251 0.0625511
80.75 -0.0306967 -0.510907 2.12518 0.0625896
80.8 -0.0560539 -0.500246 2.12523 0.0626148
80.85 -0.0807225 -0.483432 2.1252 0.0626015
80.9 -0.104399 -0.46067 2.12503 0.0625167
80.95 -0.126793 -0.432242 2.12466 0.0623285
81 -0.147627 -0.398496 2.12403 0.0620148
81.05 -0.166647 -0.359847 2.12314 0.0615709
81.1 -0.183618 -0.316771 2.12203 0.0610142
81.15 -0.19833 -0.269796 2.12077 0.0603842
81.2 -0.210604 -0.219502 2.11948 0.0597388
81.25 -0.220288 -0.166505 2.11829 0.0591466
81.3 -0.227262 -0.111459 2.11735 0.0586766
81.35 -0.231442 -0.0550391 2.11678 0.0583876
81.4 -0.232775 0.00205947 2.11664 0.0583189
81.45 -0.231245 0.0591349 2.11697 0.0584835
81.5 -0.22687 0.115485 2.11773 0.0588664
81.55 -0.219705 0.170417 2.11885 0.0594269
81.6 -0.209837 0.223255 2.12021 0.0601051
81.65 -0.197388 0.273348 2.12166 0.0608315
81.7 -0.18251 0.320082 2.12308 0.0615382
81.75 -0.165387 0.36288 2.12434 0.0621681
81.8 -0.146229 0.401216 2.12537 0.0626832
81.85 -0.125272 0.434619 2.12614 0.0630677
81.9 -0.102773 0.462677 2.12666 0.0633278
81.95 -0.0790086 0.485045 2.12697 0.0634864
82 -0.0542719 0.501448 2.12715 0.0635759
82.05 -0.0288668 0.511684 2.12726 0.063629
82.1 -0.00310558 0.515626 2.12734 0.0636701
82.15 0.0226948 0.513226 2.12742 0.0637096
82.2 0.0482169 0.504514 2.12748 0.0637412
82.25 0.073147 0.489595 2.12749 0.0637433
82.3 0.0971783 0.468654 2.12737 0.0636843
82.35 0.120015 0.441948 2.12706 0.063531
82.4 0.141377 0.409804 2.12651 0.0632573
82.45 0.161 0.372619 2.1257 0.0628524
82.5 0.178644 0.330849 2.12465 0.0623266
82.55 0.194091 0.285008 2.12343 0.0617127
82.6 0.207151 0.23566 2.12213 0.0610636
82.65 0.217664 0.183411 2.12089 0.0604458
82.7 0.2255 0.128904 2.11986 0.0599295
82.75 0.230563 0.0728101 2.11916 0.0595778
82.8 0.23279 0.0158181 2.11887 0.0594372
82.85 0.232153 -0.0413706 2.11906 0.0595294
82.9 0.228661 -0.0980525 2.1197 0.059848
82.95 0.222357 -0.153531 2.12072 0.0603598
83 0.213317 -0.207122 2.12202 0.0610097
83.05 0.201653 -0.258168 2.12346 0.0617302
83.1 0.187508 -0.306041 2.1249 0.0624513
83.15 0.171057 -0.350151 2.12622 0.0631116
83.2 0.1525 -0.389956 2.12733 0.0636665
83.25 0.132067 -0.424965 2.12819 0.064093
83.3 0.110009 -0.454749 2.12878 0.0643908
83.35 0.0865974 -0.478941 2.12916 0.0645783
83.4 0.0621194 -0.497242 2.12937 0.0646859
83.45 0.0368764 -0.509428 2.12949 0.0647472
83.5 0.0111789 -0.515349 2.12958 0.0647902
83.55 -0.0146571 -0.514931 2.12966 0.0648302
83.6 -0.0403138 -0.508179 2.12973 0.064866
83.65 -0.0654755 -0.495176 2.12976 0.0648803
83.7 -0.0898329 -0.476082 2.12969 0.0648439
83.75 -0.113086 -0.451132 2.12945 0.0647231
83.8 -0.134949 -0.420632 2.12898 0.0644885
83.85 -0.155154 -0.384956 2.12825 0.0641238
83.9 -0.17345 -0.344544 2.12726 0.0636322
83.95 -0.189614 -0.299893 2.12608 0.0630396
84 -0.203446 -0.251552 2.12479 0.0623935
84.05 -0.214776 -0.200114 2.12351 0.0617569
84.1 -0.223465 -0.146214 2.1224 0.0612003
84.15 -0.229406 -0.0905122 2.12158 0.0607904
84.2 -0.232525 -0.0336955 2.12116 0.0605798
84.25 -0.232784 0.0235378 2.1212 0.0605985
84.3 -0.23018 0.0804837 2.1217 0.0608493
84.35 -0.224744 0.136442 2.12261 0.0613066
84.4 -0.216544 0.190724 2.12384 0.0619216
84.45 -0.20568 0.242662 2.12526 0.0626291
84.5 -0.192286 0.291617 2.12672 0.0633587
84.55 -0.176526 0.336987 2.12809 0.0640452
84.6 -0.158595 0.378214 2.12928 0.0646377
84.65 -0.138712 0.414791 2.13021 0.0651064
84.7 -0.117122 0.446266 2.13089 0.0654438
84.75 -0.0940901 0.472254 2.13133 0.0656633
84.8 -0.0699005 0.492434 2.13158 0.0657924
84.85 -0.0448502 0.506558 2.13173 0.0658649
84.9 -0.0192473 0.514452 2.13182 0.0659114
84.95 0.00659331 0.516018 2.1319 0.0659517
85 0.0323538 0.511237 2.13198 0.06599
85.05 0.0577173 0.500168 2.13203 0.0660137
85.1 0.0823718 0.482946 2.13199 0.0659966
85.15 0.106014 0.459783 2.13181 0.0659055
85.2 0.128353 0.430964 2.13142 0.0657085
85.25 0.149114 0.396843 2.13077 0.0653844
85.3 0.168042 0.35784 2.12986 0.0649297
85.35 0.184904 0.314434 2.12873 0.0643633
85.4 0.199492 0.267158 2.12745 0.0637263
85.45 0.211627 0.216594 2.12616 0.0630779
85.5 0.221159 0.163365 2.12497 0.0624875
85.55 0.227971 0.108124 2.12405 0.0620242
85.6 0.23198 0.0515512 2.12349 0.0617462
85.65 0.233135 -0.00565788 2.12338 0.0616916
85.7 0.231423 -0.0627995 2.12374 0.0618716
85.75 0.226864 -0.119171 2.12454 0.0622695
85.8 0.219514 -0.174079 2.12569 0.0628428
85.85 0.209464 -0.226847 2.12706 0.0635303
85.9 0.196838 -0.276827 2.12852 0.064262
85.95 0.18179 -0.323405 2.12994 0.0649697
86 0.164505 -0.366006 2.13119 0.0655972
86.05 0.145196 -0.404106 2.13221 0.0661074
86.1 0.1241 -0.437238 2.13297 0.0664861
86.15 0.101478 -0.464993 2.13348 0.0667405
86.2 0.0776057 -0.487029 2.13379 0.0668946
86.25 0.0527784 -0.503076 2.13396 0.0669813
86.3 0.027301 -0.512935 2.13407 0.0670332
86.35 0.00148688 -0.516486 2.13415 0.0670742
86.4 -0.0243465 -0.513684 2.13423 0.0671138
86.45 -0.0498815 -0.504563 2.13429 0.0671444
86.5 -0.0748038 -0.489236 2.13429 0.0671434
86.55 -0.098807 -0.467891 2.13416 0.0670789
86.6 -0.121596 -0.44079 2.13384 0.0669176
86.65 -0.14289 -0.408266 2.13327 0.0666338
86.7 -0.162427 -0.370719 2.13244 0.0662181
86.75 -0.179967 -0.328611 2.13136 0.065682
86.8 -0.195294 -0.282459 2.13012 0.06506
86.85 -0.20822 -0.232832 2.12881 0.0644066
86.9 -0.218585 -0.180338 2.12758 0.0637891
86.95 -0.226261 -0.125625 2.12656 0.0632779
87 -0.231155 -0.0693638 2.12587 0.0629361
87.05 -0.233206 -0.0122476 2.12562 0.0628088
87.1 -0.232389 0.0450213 2.12583 0.0629162
87.15 -0.228713 0.101739 2.1265 0.0632502
87.2 -0.222224 0.157207 2.12755 0.0637756
87.25 -0.213001 0.210743 2.12887 0.0644362
87.3 -0.201158 0.261689 2.13033 0.0651632
87.35 -0.18684 0.309419 2.13177 0.0658866
87.4 -0.170223 0.353344 2.13309 0.0665455
87.45 -0.151512 0.392925 2.13419 0.0670961
87.5 -0.130937 0.427674 2.13503 0.0675169
87.55 -0.108751 0.457164 2.13562 0.0678088
87.6 -0.0852257 0.481033 2.13598 0.0679913
87.65 -0.0606515 0.498985 2.13619 0.0680956
87.7 -0.0353304 0.5108 2.13631 0.0681553
87.75 -0.00957379 0.516333 2.1364 0.068198
87.8 0.0163016 0.515515 2.13648 0.068238
87.85 0.0419774 0.508357 2.13655 0.0682732
87.9 0.0671378 0.494945 2.13657 0.0682853
87.95 0.0914734 0.475445 2.13649 0.0682442
88 0.114685 0.450096 2.13623 0.0681161
88.05 0.136486 0.41921 2.13574 0.0678719
88.1 0.15661 0.383166 2.13499 0.0674964
88.15 0.174808 0.342408 2.13399 0.0669941
88.2 0.190857 0.297437 2.13279 0.0663926
88.25 0.204558 0.248806 2.13148 0.0657408
88.3 0.215745 0.197112 2.13021 0.0651031
88.35 0.224277 0.142992 2.1291 0.0645501
88.4 0.230052 0.0871116 2.1283 0.0641487
88.45 0.232997 0.0301573 2.1279 0.0639505
88.5 0.233076 -0.0271701 2.12797 0.0639841
88.55 0.230289 -0.0841655 2.1285 0.0642504
88.6 0.224668 -0.140128 2.12944 0.0647222
88.65 0.216285 -0.194369 2.1307 0.0653488
88.7 0.20524 -0.246221 2.13213 0.0660642
88.75 0.191671 -0.295046 2.13359 0.0667974
88.8 0.175743 -0.340244 2.13497 0.0674835
88.85 0.157653 -0.381259 2.13615 0.0680726
88.9 0.137624 -0.417586 2.13707 0.0685358
88.95 0.115901 -0.448778 2.13773 0.0688673
89 0.0927512 -0.474451 2.13816 0.0690814
89.05 0.06846 -0.494289 2.13841 0.0692066
89.1 0.0433258 -0.508049 2.13855 0.069277
89.15 0.0176577 -0.515559 2.13865 0.0693228
89.2 -0.00822853 -0.516729 2.13873 0.0693631
89.25 -0.0340145 -0.511543 2.1388 0.0694011
89.3 -0.0593831 -0.500064 2.13885 0.0694232
89.35 -0.0840222 -0.482434 2.1388 0.0694023
89.4 -0.107629 -0.45887 2.13861 0.0693046
89.45 -0.129912 -0.429661 2.1382 0.0690987
89.5 -0.150599 -0.395165 2.13753 0.068764
89.55 -0.169434 -0.355808 2.1366 0.0682984
89.6 -0.186185 -0.312073 2.13544 0.0677223
89.65 -0.200647 -0.264498 2.13416 0.0670785
89.7 -0.212642 -0.213667 2.13285 0.0664274
89.75 -0.222022 -0.160206 2.13168 0.0658391
89.8 -0.228671 -0.104773 2.13077 0.0653829
89.85 -0.232507 -0.0480495 2.13023 0.0651162
89.9 -0.233484 0.00926751 2.13015 0.0650759
89.95 -0.231589 0.0664727 2.13054 0.0652715
90 -0.226846 0.122862 2.13137 0.0656844
90.05 -0.219312 0.177743 2.13254 0.0662704
90.1 -0.20908 0.230439 2.13393 0.0669671
90.15 -0.196276 0.280303 2.13541 0.0677038
90.2 -0.181058 0.326722 2.13682 0.0684123
90.25 -0.163611 0.369123 2.13807 0.0690371
90.3 -0.144152 0.406985 2.13908 0.0695424
90.35 -0.122919 0.439843 2.13983 0.0699151
90.4 -0.100173 0.467292 2.14033 0.0701638
90.45 -0.0761944 0.488995 2.14063 0.0703135
90.5 -0.0512775 0.504683 2.1408 0.0703975
90.55 -0.0257289 0.514165 2.1409 0.0704483
90.6 0.000137085 0.517322 2.14098 0.0704893
90.65 0.0260024 0.514117 2.14106 0.0705288
90.7 0.0515488 0.504587 2.14112 0.0705582
90.75 0.0764621 0.488851 2.14111 0.0705542
90.8 0.100436 0.467102 2.14097 0.070484
90.85 0.123175 0.439606 2.14063 0.0703144
90.9 0.1444 0.406702 2.14004 0.0700204
90.95 0.16385 0.368794 2.13919 0.0695937
91 0.181285 0.326349 2.13809 0.0690473
91.05 0.196491 0.279888 2.13683 0.0684175
91.1 0.209281 0.229982 2.13552 0.0677599
91.15 0.219497 0.177246 2.13429 0.067143
91.2 0.227013 0.122328 2.13327 0.0666374
91.25 0.231738 0.0659028 2.13261 0.0663058
91.3 0.233612 0.00866511 2.13238 0.066192
91.35 0.232613 -0.0486814 2.13263 0.0663148
91.4 0.228753 -0.105431 2.13333 0.0666642
91.45 0.222078 -0.160886 2.13441 0.0672033
91.5 0.212673 -0.214365 2.13575 0.0678742
91.55 0.20065 -0.265208 2.13722 0.0686075
91.6 0.18616 -0.312792 2.13867 0.0693331
91.65 0.169379 -0.35653 2.13998 0.0699903
91.7 0.150514 -0.395884 2.14107 0.0705365
91.75 0.129797 -0.43037 2.1419 0.0709515
91.8 0.107482 -0.459564 2.14247 0.0712374
91.85 0.0838452 -0.483106 2.14283 0.071415
91.9 0.0591758 -0.500707 2.14303 0.071516
91.95 0.0337777 -0.51215 2.14315 0.0715742
92 0.00796304 -0.517294 2.14323 0.0716166
92.05 -0.0179505 -0.516075 2.14331 0.0716568
92.1 -0.0436442 -0.508509 2.14338 0.0716913
92.15 -0.068802 -0.494687 2.1434 0.0717009
92.2 -0.0931146 -0.474781 2.14331 0.0716549
92.25 -0.116283 -0.449033 2.14304 0.0715193
92.3 -0.138021 -0.417762 2.14253 0.0712654
92.35 -0.158063 -0.381351 2.14176 0.070879
92.4 -0.176162 -0.340247 2.14073 0.070366
92.45 -0.192094 -0.294958 2.13951 0.0697558
92.5 -0.205664 -0.246038 2.1382 0.0690985
92.55 -0.216705 -0.194091 2.13692 0.0684598
92.6 -0.225081 -0.139754 2.13582 0.0679109
92.65 -0.230688 -0.0836957 2.13504 0.0675182
92.7 -0.233459 -0.0266062 2.13467 0.0673327
92.75 -0.233358 0.0308127 2.13476 0.0673814
92.8 -0.230386 0.0878548 2.13533 0.0676633
92.85 -0.224581 0.143818 2.1363 0.0681495
92.9 -0.216013 0.198015 2.13758 0.0687876
92.95 -0.204788 0.249778 2.13902 0.0695107
93 -0.191043 0.298471 2.14049 0.0702473
93.05 -0.174949 0.343494 2.14187 0.0709329
93.1 -0.156701 0.384295 2.14304 0.0715182
93.15 -0.136526 0.420369 2.14395 0.0719759
93.2 -0.11467 0.451275 2.1446 0.0723013
93.25 -0.0914033 0.476631 2.14502 0.0725101
93.3 -0.0670114 0.496125 2.14526 0.0726316
93.35 -0.0417943 0.509518 2.1454 0.0726999
93.4 -0.0160621 0.516644 2.14549 0.0727451
93.45 0.00986855 0.517415 2.14557 0.0727855
93.5 0.0356788 0.511823 2.14565 0.0728232
93.55 0.0610512 0.499934 2.14569 0.0728435
93.6 0.0856736 0.481896 2.14564 0.0728184
93.65 0.109243 0.45793 2.14543 0.0727141
93.7 0.13147 0.428331 2.145 0.072499
93.75 0.15208 0.393462 2.14431 0.0721536
93.8 0.170821 0.353751 2.14335 0.0716771
93.85 0.187461 0.309689 2.14218 0.0710914
93.9 0.201796 0.261815 2.14088 0.070441
93.95 0.21365 0.210719 2.13957 0.0697874
94 0.222876 0.15703 2.1384 0.0692016
94.05 0.229361 0.101407 2.13751 0.0687527
94.1 0.233025 0.0445342 2.137 0.0684977
94.15 0.233823 -0.0128882 2.13694 0.0684719
94.2 0.231745 -0.0701542 2.13737 0.0686832
94.25 0.226816 -0.126559 2.13822 0.0691111
94.3 0.219097 -0.18141 2.13942 0.0697097
94.35 0.208684 -0.234032 2.14083 0.0704154
94.4 0.195703 -0.283776 2.14231 0.0711568
94.45 0.180314 -0.330032 2.14373 0.0718659
94.5 0.162707 -0.372231 2.14498 0.0724879
94.55 0.143098 -0.409852 2.14598 0.072988
94.6 0.121728 -0.442434 2.14671 0.0733546
94.65 0.0988595 -0.469575 2.1472 0.0735977
94.7 0.0747746 -0.490941 2.14749 0.0737431
94.75 0.0497691 -0.50627 2.14765 0.0738245
94.8 0.0241504 -0.515372 2.14775 0.0738744
94.85 -0.00176624 -0.518135 2.14783 0.0739153
94.9 -0.0276621 -0.514525 2.14791 0.0739547
94.95 -0.0532188 -0.504586 2.14797 0.0739829
95 -0.0781218 -0.48844 2.14795 0.0739755
95.05 -0.102065 -0.466286 2.1478 0.0738994
95.1 -0.124753 -0.438396 2.14744 0.0737213
95.15 -0.145908 -0.405112 2.14683 0.073417
95.2 -0.165269 -0.366844 2.14596 0.0729792
95.25 -0.182598 -0.324063 2.14485 0.0724227
95.3 -0.197682 -0.277294 2.14357 0.0717851
95.35 -0.210334 -0.227112 2.14225 0.0711237
95.4 -0.2204 -0.174135 2.14102 0.0705076
95.45 -0.227756 -0.119014 2.14002 0.070008
95.5 -0.23231 -0.0624275 2.13937 0.0696868
95.55 -0.234007 -0.00507066 2.13917 0.0695869
95.6 -0.232826 0.0523507 2.13945 0.0697252
95.65 -0.228781 0.10913 2.14018 0.0700901
95.7 -0.221922 0.16457 2.14129 0.0706426
95.75 -0.212332 0.217987 2.14265 0.0713238
95.8 -0.200131 0.268725 2.14413 0.0720632
95.85 -0.185468 0.316159 2.14558 0.0727906
95.9 -0.168523 0.359707 2.14689 0.0734459
95.95 -0.149504 0.398832 2.14798 0.0739876
96 -0.128646 0.433052 2.14879 0.0743966
96.05 -0.106205 0.461948 2.14935 0.0746767
96.1 -0.0824561 0.485162 2.1497 0.0748494
96.15 -0.0576924 0.50241 2.14989 0.0749473
96.2 -0.0322182 0.513478 2.15001 0.0750041
96.25 -0.00634673 0.518232 2.15009 0.0750462
96.3 0.0196038 0.516611 2.15017 0.0750864
96.35 0.0453141 0.508635 2.15024 0.0751202
96.4 0.070468 0.494404 2.15025 0.0751272
96.45 0.0947562 0.47409 2.15015 0.0750761
96.5 0.11788 0.447944 2.14987 0.0749328
96.55 0.139554 0.416288 2.14934 0.074669
96.6 0.159513 0.37951 2.14854 0.0742715
96.65 0.17751 0.338062 2.1475 0.0737479
96.7 0.193325 0.292455 2.14626 0.073129
96.75 0.206763 0.243249 2.14493 0.0724665
96.8 0.217657 0.191049 2.14365 0.0718271
96.85 0.225875 0.136497 2.14257 0.0712826
96.9 0.231315 0.0802645 2.1418 0.0708991
96.95 0.23391 0.0230424 2.14145 0.0707265
97 0.233628 -0.0344654 2.14158 0.0707905
97.05 0.230472 -0.0915514 2.14218 0.0710881
97.1 0.224482 -0.147513 2.14318 0.0715886
97.15 0.21573 -0.201663 2.14448 0.0722381
97.2 0.204324 -0.253334 2.14594 0.0729686
97.25 0.190404 -0.301892 2.14742 0.0737084
97.3 0.174142 -0.346737 2.14879 0.0743931
97.35 0.155738 -0.38732 2.14995 0.0749746
97.4 0.135417 -0.42314 2.15085 0.0754267
97.45 0.11343 -0.453756 2.15149 0.075746
97.5 0.0900465 -0.478793 2.1519 0.0759496
97.55 0.0655547 -0.497941 2.15213 0.0760673
97.6 0.0402557 -0.510966 2.15227 0.0761336
97.65 0.0144606 -0.517705 2.15236 0.0761783
97.7 -0.0115133 -0.518078 2.15244 0.0762188
97.75 -0.0373466 -0.512078 2.15251 0.0762561
97.8 -0.0627215 -0.499779 2.15255 0.0762745
97.85 -0.0873259 -0.481332 2.15249 0.0762452
97.9 -0.110857 -0.456964 2.15227 0.0761339
97.95 -0.133026 -0.426975 2.15182 0.0759095
98 -0.153559 -0.391732 2.15111 0.0755532
98.05 -0.172204 -0.35167 2.15013 0.0750657
98.1 -0.188731 -0.307281 2.14894 0.0744706
98.15 -0.202938 -0.259111 2.14763 0.0738137
98.2 -0.21465 -0.207751 2.14632 0.0731579
98.25 -0.223721 -0.153835 2.14515 0.0725749
98.3 -0.230041 -0.0980239 2.14427 0.0721338
98.35 -0.233532 -0.0410053 2.14378 0.0718908
98.4 -0.23415 0.0165199 2.14376 0.0718797
98.45 -0.231889 0.0738439 2.14421 0.0721068
98.5 -0.226775 0.130262 2.1451 0.0725496
98.55 -0.218871 0.18508 2.14632 0.0731607
98.6 -0.208275 0.237623 2.14775 0.0738752
98.65 -0.195117 0.287246 2.14924 0.0746211
98.7 -0.179559 0.333337 2.15066 0.0753305
98.75 -0.161791 0.37533 2.1519 0.0759495
98.8 -0.142032 0.412708 2.15289 0.0764443
98.85 -0.120526 0.445011 2.15361 0.0768049
98.9 -0.0975366 0.471842 2.15408 0.0770423
98.95 -0.0733465 0.492869 2.15437 0.0771834
99 -0.0482533 0.507836 2.15452 0.0772624
99.05 -0.0225656 0.516556 2.15462 0.0773113
99.1 0.00340051 0.518923 2.1547 0.0773522
99.15 0.0293258 0.514908 2.15478 0.0773915
99.2 0.0548914 0.504558 2.15484 0.0774184
99.25 0.0797828 0.488003 2.15482 0.0774075
99.3 0.103694 0.465444 2.15465 0.0773253
99.35 0.12633 0.437159 2.15428 0.0771385
99.4 0.147414 0.403497 2.15365 0.0768237
99.45 0.166685 0.364869 2.15275 0.0763748
99.5 0.183906 0.321753 2.15162 0.0758081
99.55 0.198866 0.274677 2.15033 0.075163
99.6 0.211381 0.224221 2.149 0.0744979
99.65 0.221296 0.171005 2.14777 0.0738831
99.7 0.228489 0.115684 2.14678 0.0733897
99.75 0.232872 0.0589378 2.14616 0.0730792
99.8 0.234392 0.00146446 2.14599 0.0729934
99.85 0.233028 -0.056029 2.14629 0.0731475
99.9 0.228797 -0.112836 2.14706 0.0735278
99.95 0.221753 -0.168256 2.14819 0.0740938
100 0.21198 -0.22161 2.14957 0.074785
