#t         x         v         E        delta_E/E(0)
0 0 3 18 0
0.05 0.15 3 18.0225 0.00125
0.1 0.299859 2.99437 18.0225 0.00124883
0.15 0.449344 2.98501 18.0225 0.00124805
0.2 0.598267 2.97191 18.0225 0.00124728
0.25 0.746442 2.9551 18.0224 0.00124652
0.3 0.893685 2.9346 18.0224 0.00124576
0.35 1.03981 2.91043 18.0224 0.00124502
0.4 1.18464 2.88262 18.0224 0.00124429
0.45 1.32798 2.85121 18.0224 0.00124357
0.5 1.46967 2.81624 18.0224 0.00124287
0.55 1.60952 2.77775 18.0224 0.00124218
0.6 1.74736 2.73579 18.0223 0.00124152
0.65 1.88301 2.69041 18.0223 0.00124088
0.7 2.01631 2.64167 18.0223 0.00124025
0.75 2.1471 2.58962 18.0223 0.00123965
0.8 2.2752 2.53434 18.0223 0.00123908
0.85 2.40045 2.4759 18.0223 0.00123853
0.9 2.52271 2.41436 18.0223 0.001238
0.95 2.64181 2.3498 18.0223 0.0012375
1 2.75761 2.2823 18.0223 0.00123703
1.05 2.86997 2.21196 18.0223 0.00123658
1.1 2.97874 2.13885 18.0223 0.00123617
1.15 3.08379 2.06307 18.0222 0.00123578
1.2 3.18498 1.98471 18.0222 0.00123541
1.25 3.2822 1.90387 18.0222 0.00123508
1.3 3.37531 1.82065 18.0222 0.00123477
1.35 3.46421 1.73515 18.0222 0.00123449
1.4 3.54877 1.64749 18.0222 0.00123424
1.45 3.6289 1.55777 18.0222 0.00123401
1.5 3.7045 1.4661 18.0222 0.0012338
1.55 3.77547 1.3726 18.0222 0.00123362
1.6 3.84172 1.27738 18.0222 0.00123346
1.65 3.90317 1.18057 18.0222 0.00123333
1.7 3.95974 1.08228 18.0222 0.00123321
1.75 4.01136 0.982646 18.0222 0.00123312
1.8 4.05797 0.881779 18.0222 0.00123304
1.85 4.09951 0.77981 18.0222 0.00123297
1.9 4.13593 0.676867 18.0222 0.00123292
1.95 4.16718 0.573078 18.0222 0.00123289
2 4.19322 0.468572 18.0222 0.00123286
2.05 4.21402 0.363482 18.0222 0.00123284
2.1 4.22955 0.257937 18.0222 0.00123283
2.15 4.2398 0.15207 18.0222 0.00123283
2.2 4.24476 0.0460129 18.0222 0.00123283
2.25 4.2444 -0.0601016 18.0222 0.00123283
2.3 4.23875 -0.166141 18.0222 0.00123283
2.35 4.2278 -0.271973 18.0222 0.00123282
2.4 4.21156 -0.377465 18.0222 0.00123282
2.45 4.19006 -0.482485 18.0222 0.0012328
2.5 4.16333 -0.586902 18.0222 0.00123278
2.55 4.13139 -0.690586 18.0222 0.00123275
2.6 4.09429 -0.793406 18.0222 0.0012327
2.65 4.05207 -0.895235 18.0222 0.00123265
2.7 4.00479 -0.995946 18.0222 0.00123257
2.75 3.95251 -1.09541 18.0222 0.00123248
2.8 3.89529 -1.19351 18.0222 0.00123237
2.85 3.8332 -1.29011 18.0222 0.00123224
2.9 3.76632 -1.38511 18.0222 0.00123209
2.95 3.69473 -1.47837 18.0222 0.00123192
3 3.61852 -1.56979 18.0222 0.00123173
3.05 3.5378 -1.65924 18.0222 0.00123151
3.1 3.45265 -1.74662 18.0222 0.00123126
3.15 3.36319 -1.83182 18.0222 0.00123099
3.2 3.26953 -1.91472 18.0222 0.00123069
3.25 3.17178 -1.99524 18.0221 0.00123037
3.3 3.07007 -2.07326 18.0221 0.00123002
3.35 2.96452 -2.14869 18.0221 0.00122964
3.4 2.85526 -2.22144 18.0221 0.00122923
3.45 2.74244 -2.29141 18.0221 0.00122879
3.5 2.62619 -2.35852 18.0221 0.00122833
3.55 2.50666 -2.42268 18.0221 0.00122784
3.6 2.384 -2.48381 18.0221 0.00122733
3.65 2.25836 -2.54184 18.0221 0.00122678
3.7 2.1299 -2.59669 18.0221 0.00122622
3.75 1.99877 -2.6483 18.0221 0.00122563
3.8 1.86515 -2.6966 18.0221 0.00122501
3.85 1.7292 -2.74152 18.022 0.00122438
3.9 1.59108 -2.78303 18.022 0.00122372
3.95 1.45098 -2.82105 18.022 0.00122304
4 1.30907 -2.85555 18.022 0.00122235
4.05 1.16552 -2.88648 18.022 0.00122164
4.1 1.02051 -2.91381 18.022 0.00122091
4.15 0.874227 -2.93749 18.022 0.00122017
4.2 0.726852 -2.9575 18.0219 0.00121942
4.25 0.578569 -2.97382 18.0219 0.00121866
4.3 0.429563 -2.98642 18.0219 0.00121789
4.35 0.28002 -2.99529 18.0219 0.00121711
4.4 0.130128 -3.00041 18.0219 0.00121633
4.45 -0.0199273 -3.00179 18.0219 0.00121555
4.5 -0.169957 -2.99941 18.0219 0.00121477
4.55 -0.319775 -2.99329 18.0219 0.00121399
4.6 -0.469193 -2.98343 18.0218 0.00121321
4.65 -0.618025 -2.96984 18.0218 0.00121244
4.7 -0.766084 -2.95253 18.0218 0.00121168
4.75 -0.913186 -2.93154 18.0218 0.00121093
4.8 -1.05915 -2.90689 18.0218 0.00121018
4.85 -1.20378 -2.8786 18.0218 0.00120945
4.9 -1.34692 -2.84671 18.0218 0.00120874
4.95 -1.48837 -2.81127 18.0217 0.00120804
5 -1.62796 -2.77232 18.0217 0.00120736
5.05 -1.76551 -2.7299 18.0217 0.0012067
5.1 -1.90086 -2.68407 18.0217 0.00120606
5.15 -2.03383 -2.63488 18.0217 0.00120544
5.2 -2.16427 -2.58241 18.0217 0.00120484
5.25 -2.29199 -2.5267 18.0217 0.00120427
5.3 -2.41686 -2.46784 18.0217 0.00120372
5.35 -2.5387 -2.40589 18.0217 0.0012032
5.4 -2.65737 -2.34094 18.0216 0.0012027
5.45 -2.77272 -2.27307 18.0216 0.00120223
5.5 -2.88461 -2.20235 18.0216 0.00120179
5.55 -2.99289 -2.12888 18.0216 0.00120138
5.6 -3.09743 -2.05275 18.0216 0.00120099
5.65 -3.1981 -1.97405 18.0216 0.00120063
5.7 -3.29477 -1.89289 18.0216 0.0012003
5.75 -3.38733 -1.80936 18.0216 0.0012
5.8 -3.47565 -1.72358 18.0216 0.00119972
5.85 -3.55963 -1.63563 18.0216 0.00119947
5.9 -3.63917 -1.54565 18.0216 0.00119924
5.95 -3.71415 -1.45373 18.0216 0.00119904
6 -3.78449 -1.36 18.0216 0.00119887
6.05 -3.85011 -1.26457 18.0216 0.00119871
6.1 -3.91091 -1.16755 18.0216 0.00119858
6.15 -3.96683 -1.06908 18.0216 0.00119846
6.2 -4.01778 -0.969272 18.0216 0.00119837
6.25 -4.06372 -0.868253 18.0216 0.00119829
6.3 -4.10458 -0.766149 18.0216 0.00119823
6.35 -4.14031 -0.663087 18.0216 0.00119818
6.4 -4.17087 -0.559197 18.0216 0.00119815
6.45 -4.19622 -0.454609 18.0216 0.00119812
6.5 -4.21632 -0.349452 18.0216 0.00119811
6.55 -4.23115 -0.243858 18.0216 0.0011981
6.6 -4.2407 -0.13796 18.0216 0.0011981
6.65 -4.24494 -0.0318895 18.0216 0.00119809
6.7 -4.24388 0.0742208 18.0216 0.00119809
6.75 -4.23752 0.180238 18.0216 0.00119809
6.8 -4.22587 0.286031 18.0216 0.00119809
6.85 -4.20893 0.391465 18.0216 0.00119808
6.9 -4.18673 0.496411 18.0216 0.00119807
6.95 -4.1593 0.600736 18.0216 0.00119804
7 -4.12668 0.704311 18.0216 0.00119801
7.05 -4.08889 0.807005 18.0216 0.00119796
7.1 -4.046 0.908691 18.0216 0.0011979
7.15 -3.99805 1.00924 18.0216 0.00119783
7.2 -3.94511 1.10853 18.0216 0.00119773
7.25 -3.88723 1.20643 18.0216 0.00119762
7.3 -3.8245 1.30283 18.0216 0.00119749
7.35 -3.75699 1.3976 18.0216 0.00119734
7.4 -3.68479 1.49062 18.0215 0.00119716
7.45 -3.60798 1.58178 18.0215 0.00119696
7.5 -3.52666 1.67096 18.0215 0.00119674
7.55 -3.44093 1.75806 18.0215 0.00119649
7.6 -3.35091 1.84295 18.0215 0.00119622
7.65 -3.25669 1.92555 18.0215 0.00119592
7.7 -3.15841 2.00574 18.0215 0.00119559
7.75 -3.05618 2.08342 18.0215 0.00119523
7.8 -2.95014 2.1585 18.0215 0.00119485
7.85 -2.8404 2.23088 18.0215 0.00119444
7.9 -2.72712 2.30047 18.0215 0.001194
7.95 -2.61043 2.36719 18.0215 0.00119353
8 -2.49047 2.43095 18.0215 0.00119304
8.05 -2.36741 2.49167 18.0215 0.00119252
8.1 -2.24138 2.54928 18.0215 0.00119198
8.15 -2.11256 2.6037 18.0214 0.00119141
8.2 -1.9811 2.65487 18.0214 0.00119081
8.25 -1.84716 2.70272 18.0214 0.0011902
8.3 -1.71091 2.7472 18.0214 0.00118956
8.35 -1.57252 2.78824 18.0214 0.0011889
8.4 -1.43217 2.8258 18.0214 0.00118822
8.45 -1.29003 2.85983 18.0214 0.00118752
8.5 -1.14628 2.89028 18.0214 0.00118681
8.55 -1.00109 2.91712 18.0213 0.00118608
8.6 -0.854656 2.94031 18.0213 0.00118534
8.65 -0.707152 2.95984 18.0213 0.00118458
8.7 -0.558765 2.97566 18.0213 0.00118382
8.75 -0.409679 2.98776 18.0213 0.00118305
8.8 -0.260082 2.99613 18.0213 0.00118228
8.85 -0.11016 3.00076 18.0213 0.0011815
8.9 0.0399004 3.00164 18.0213 0.00118071
8.95 0.18991 2.99876 18.0212 0.00117993
9 0.339683 2.99214 18.0212 0.00117915
9.05 0.489031 2.98178 18.0212 0.00117838
9.1 0.637768 2.9677 18.0212 0.00117761
9.15 0.785708 2.9499 18.0212 0.00117685
9.2 0.932666 2.92842 18.0212 0.00117609
9.25 1.07846 2.90328 18.0212 0.00117535
9.3 1.2229 2.87451 18.0211 0.00117463
9.35 1.36582 2.84215 18.0211 0.00117391
9.4 1.50703 2.80624 18.0211 0.00117322
9.45 1.64636 2.76682 18.0211 0.00117254
9.5 1.78363 2.72395 18.0211 0.00117188
9.55 1.91867 2.67767 18.0211 0.00117124
9.6 2.05131 2.62804 18.0211 0.00117062
9.65 2.18139 2.57513 18.0211 0.00117003
9.7 2.30874 2.519 18.0211 0.00116946
9.75 2.43321 2.45973 18.021 0.00116892
9.8 2.55464 2.39738 18.021 0.0011684
9.85 2.67287 2.33203 18.021 0.00116791
9.9 2.78777 2.26378 18.021 0.00116744
9.95 2.89918 2.19269 18.021 0.001167
10 3.00697 2.11886 18.021 0.00116659
10.05 3.111 2.04238 18.021 0.00116621
10.1 3.21114 1.96336 18.021 0.00116586
10.15 3.30727 1.88188 18.021 0.00116553
10.2 3.39927 1.79804 18.021 0.00116523
10.25 3.48702 1.71196 18.021 0.00116495
10.3 3.57042 1.62375 18.021 0.00116471
10.35 3.64935 1.5335 18.021 0.00116448
10.4 3.72372 1.44133 18.021 0.00116429
10.45 3.79343 1.34737 18.021 0.00116411
10.5 3.85841 1.25172 18.021 0.00116396
10.55 3.91857 1.15451 18.0209 0.00116383
10.6 3.97383 1.05585 18.0209 0.00116372
10.65 4.02412 0.955878 18.0209 0.00116363
10.7 4.06938 0.854709 18.0209 0.00116355
10.75 4.10956 0.752471 18.0209 0.00116349
10.8 4.14461 0.649294 18.0209 0.00116345
10.85 4.17447 0.545305 18.0209 0.00116341
10.9 4.19912 0.440635 18.0209 0.00116339
10.95 4.21852 0.335414 18.0209 0.00116337
11 4.23265 0.229774 18.0209 0.00116337
11.05 4.24149 0.123848 18.0209 0.00116336
11.1 4.24503 0.0177659 18.0209 0.00116336
11.15 4.24327 -0.0883379 18.0209 0.00116336
11.2 4.2362 -0.194331 18.0209 0.00116336
11.25 4.22384 -0.300082 18.0209 0.00116336
11.3 4.2062 -0.405457 18.0209 0.00116335
11.35 4.18331 -0.510326 18.0209 0.00116333
11.4 4.15519 -0.614557 18.0209 0.00116331
11.45 4.12187 -0.71802 18.0209 0.00116327
11.5 4.08341 -0.820586 18.0209 0.00116322
11.55 4.03984 -0.922126 18.0209 0.00116316
11.6 3.99122 -1.02251 18.0209 0.00116308
11.65 3.93762 -1.12162 18.0209 0.00116299
11.7 3.8791 -1.21933 18.0209 0.00116287
11.75 3.81573 -1.31552 18.0209 0.00116274
11.8 3.74759 -1.41006 18.0209 0.00116258
11.85 3.67476 -1.50284 18.0209 0.00116241
11.9 3.59735 -1.59374 18.0209 0.0011622
11.95 3.51544 -1.68265 18.0209 0.00116198
12 3.42914 -1.76945 18.0209 0.00116172
12.05 3.33855 -1.85405 18.0209 0.00116145
12.1 3.24379 -1.93633 18.0209 0.00116114
12.15 3.14498 -2.01619 18.0209 0.00116081
12.2 3.04223 -2.09353 18.0209 0.00116045
12.25 2.93569 -2.16825 18.0209 0.00116006
12.3 2.82548 -2.24026 18.0209 0.00115965
12.35 2.71173 -2.30948 18.0209 0.00115921
12.4 2.5946 -2.37581 18.0209 0.00115874
12.45 2.47423 -2.43916 18.0208 0.00115824
12.5 2.35076 -2.49948 18.0208 0.00115772
12.55 2.22436 -2.55666 18.0208 0.00115717
12.6 2.09517 -2.61066 18.0208 0.0011566
12.65 1.96337 -2.66139 18.0208 0.001156
12.7 1.82912 -2.70879 18.0208 0.00115538
12.75 1.69258 -2.75281 18.0208 0.00115474
12.8 1.55392 -2.79339 18.0208 0.00115407
12.85 1.41333 -2.83048 18.0208 0.00115339
12.9 1.27096 -2.86404 18.0207 0.00115269
12.95 1.12701 -2.89401 18.0207 0.00115198
13 0.981653 -2.92037 18.0207 0.00115125
13.05 0.835067 -2.94307 18.0207 0.0011505
13.1 0.687438 -2.9621 18.0207 0.00114975
13.15 0.538949 -2.97743 18.0207 0.00114899
13.2 0.389787 -2.98904 18.0207 0.00114822
13.25 0.240139 -2.99691 18.0207 0.00114744
13.3 0.0901897 -3.00104 18.0206 0.00114666
13.35 -0.0598718 -3.00142 18.0206 0.00114588
13.4 -0.209859 -2.99805 18.0206 0.0011451
13.45 -0.359583 -2.99093 18.0206 0.00114432
13.5 -0.508858 -2.98007 18.0206 0.00114354
13.55 -0.657497 -2.96549 18.0206 0.00114277
13.6 -0.805314 -2.9472 18.0206 0.00114201
13.65 -0.952125 -2.92524 18.0205 0.00114126
13.7 -1.09775 -2.89961 18.0205 0.00114052
13.75 -1.242 -2.87036 18.0205 0.0011398
13.8 -1.38469 -2.83753 18.0205 0.00113909
13.85 -1.52566 -2.80115 18.0205 0.00113839
13.9 -1.66472 -2.76127 18.0205 0.00113772
13.95 -1.8017 -2.71794 18.0205 0.00113706
14 -1.93643 -2.67121 18.0205 0.00113642
14.05 -2.06874 -2.62114 18.0204 0.00113581
14.1 -2.19846 -2.5678 18.0204 0.00113522
14.15 -2.32544 -2.51125 18.0204 0.00113466
14.2 -2.44951 -2.45156 18.0204 0.00113411
14.25 -2.57052 -2.38881 18.0204 0.0011336
14.3 -2.68831 -2.32308 18.0204 0.00113311
14.35 -2.80275 -2.25444 18.0204 0.00113265
14.4 -2.91369 -2.18298 18.0204 0.00113222
14.45 -3.02098 -2.1088 18.0204 0.00113181
14.5 -3.1245 -2.03198 18.0204 0.00113143
14.55 -3.22412 -1.95262 18.0204 0.00113108
14.6 -3.3197 -1.87082 18.0204 0.00113075
14.65 -3.41114 -1.78668 18.0203 0.00113046
14.7 -3.49831 -1.70031 18.0203 0.00113019
14.75 -3.58112 -1.61182 18.0203 0.00112994
14.8 -3.65945 -1.52131 18.0203 0.00112972
14.85 -3.7332 -1.4289 18.0203 0.00112953
14.9 -3.80229 -1.33471 18.0203 0.00112936
14.95 -3.86663 -1.23885 18.0203 0.00112921
15 -3.92614 -1.14144 18.0203 0.00112908
15.05 -3.98074 -1.0426 18.0203 0.00112897
15.1 -4.03037 -0.942462 18.0203 0.00112888
15.15 -4.07496 -0.841146 18.0203 0.00112881
15.2 -4.11445 -0.738778 18.0203 0.00112875
15.25 -4.14881 -0.635486 18.0203 0.00112871
15.3 -4.17798 -0.531401 18.0203 0.00112868
15.35 -4.20193 -0.426652 18.0203 0.00112865
15.4 -4.22063 -0.32137 18.0203 0.00112864
15.45 -4.23406 -0.215686 18.0203 0.00112863
15.5 -4.2422 -0.109733 18.0203 0.00112863
15.55 -4.24503 -0.00364235 18.0203 0.00112863
15.6 -4.24256 0.102453 18.0203 0.00112863
15.65 -4.23479 0.208419 18.0203 0.00112863
15.7 -4.22173 0.314126 18.0203 0.00112862
15.75 -4.20339 0.41944 18.0203 0.00112861
15.8 -4.17979 0.524229 18.0203 0.0011286
15.85 -4.15098 0.628364 18.0203 0.00112857
15.9 -4.11698 0.731713 18.0203 0.00112853
15.95 -4.07783 0.834148 18.0203 0.00112848
16 -4.03359 0.93554 18.0203 0.00112842
16.05 -3.98431 1.03576 18.0203 0.00112834
16.1 -3.93005 1.13469 18.0203 0.00112824
16.15 -3.87087 1.2322 18.0203 0.00112813
16.2 -3.80686 1.32817 18.0203 0.00112799
16.25 -3.7381 1.42249 18.0203 0.00112783
16.3 -3.66466 1.51502 18.0203 0.00112765
16.35 -3.58664 1.60566 18.0203 0.00112744
16.4 -3.50414 1.69429 18.0203 0.00112721
16.45 -3.41727 1.78081 18.0203 0.00112696
16.5 -3.32612 1.8651 18.0203 0.00112668
16.55 -3.23081 1.94706 18.0203 0.00112637
16.6 -3.13147 2.02659 18.0203 0.00112603
16.65 -3.02822 2.10359 18.0203 0.00112567
16.7 -2.92118 2.17795 18.0203 0.00112528
16.75 -2.81049 2.2496 18.0202 0.00112486
16.8 -2.69629 2.31843 18.0202 0.00112441
16.85 -2.57872 2.38437 18.0202 0.00112394
16.9 -2.45793 2.44733 18.0202 0.00112344
16.95 -2.33406 2.50723 18.0202 0.00112291
17 -2.20728 2.56399 18.0202 0.00112236
17.05 -2.07774 2.61755 18.0202 0.00112179
17.1 -1.94561 2.66784 18.0202 0.00112119
17.15 -1.81104 2.7148 18.0202 0.00112056
17.2 -1.67421 2.75837 18.0202 0.00111992
17.25 -1.53529 2.79848 18.0201 0.00111925
17.3 -1.39445 2.8351 18.0201 0.00111857
17.35 -1.25187 2.86818 18.0201 0.00111787
17.4 -1.10772 2.89768 18.0201 0.00111715
17.45 -0.962194 2.92355 18.0201 0.00111642
17.5 -0.815461 2.94577 18.0201 0.00111567
17.55 -0.667709 2.96431 18.0201 0.00111492
17.6 -0.519122 2.97914 18.0201 0.00111415
17.65 -0.369888 2.99025 18.02 0.00111338
17.7 -0.220191 2.99763 18.02 0.00111261
17.75 -0.0702185 3.00126 18.02 0.00111183
17.8 0.0798413 3.00114 18.02 0.00111104
17.85 0.229801 2.99726 18.02 0.00111026
17.9 0.379474 2.98965 18.02 0.00110948
17.95 0.528672 2.97829 18.02 0.00110871
18 0.67721 2.96322 18.0199 0.00110794
18.05 0.824902 2.94444 18.0199 0.00110718
18.1 0.971562 2.92198 18.0199 0.00110643
18.15 1.11701 2.89588 18.0199 0.0011057
18.2 1.26106 2.86615 18.0199 0.00110497
18.25 1.40353 2.83284 18.0199 0.00110426
18.3 1.54426 2.79599 18.0199 0.00110357
18.35 1.68305 2.75565 18.0199 0.0011029
18.4 1.81973 2.71186 18.0198 0.00110224
18.45 1.95415 2.66469 18.0198 0.00110161
18.5 2.08612 2.61418 18.0198 0.001101
18.55 2.21548 2.56041 18.0198 0.00110041
18.6 2.34208 2.50344 18.0198 0.00109985
18.65 2.46575 2.44334 18.0198 0.00109931
18.7 2.58634 2.38019 18.0198 0.0010988
18.75 2.7037 2.31407 18.0198 0.00109832
18.8 2.81767 2.24505 18.0198 0.00109786
18.85 2.92813 2.17322 18.0198 0.00109743
18.9 3.03493 2.09869 18.0197 0.00109703
18.95 3.13793 2.02152 18.0197 0.00109665
19 3.23702 1.94184 18.0197 0.0010963
19.05 3.33206 1.85972 18.0197 0.00109598
19.1 3.42293 1.77528 18.0197 0.00109569
19.15 3.50953 1.68863 18.0197 0.00109542
19.2 3.59174 1.59986 18.0197 0.00109518
19.25 3.66947 1.5091 18.0197 0.00109497
19.3 3.7426 1.41644 18.0197 0.00109477
19.35 3.81107 1.32202 18.0197 0.00109461
19.4 3.87476 1.22595 18.0197 0.00109446
19.45 3.93362 1.12834 18.0197 0.00109434
19.5 3.98756 1.02933 18.0197 0.00109423
19.55 4.03652 0.929027 18.0197 0.00109414
19.6 4.08044 0.827564 18.0197 0.00109407
19.65 4.11925 0.725068 18.0197 0.00109402
19.7 4.15292 0.621666 18.0197 0.00109397
19.75 4.1814 0.517486 18.0197 0.00109394
19.8 4.20465 0.41266 18.0197 0.00109392
19.85 4.22265 0.307319 18.0197 0.00109391
19.9 4.23538 0.201593 18.0197 0.0010939
19.95 4.24281 0.095616 18.0197 0.0010939
20 4.24493 -0.0104808 18.0197 0.0010939
20.05 4.24176 -0.116564 18.0197 0.0010939
20.1 4.23328 -0.222502 18.0197 0.0010939
20.15 4.21952 -0.328162 18.0197 0.00109389
20.2 4.20048 -0.433412 18.0197 0.00109388
20.25 4.17619 -0.53812 18.0197 0.00109386
20.3 4.14668 -0.642156 18.0197 0.00109384
20.35 4.11199 -0.745389 18.0197 0.0010938
20.4 4.07217 -0.847691 18.0197 0.00109375
20.45 4.02725 -0.948933 18.0197 0.00109368
20.5 3.9773 -1.04899 18.0197 0.0010936
20.55 3.92238 -1.14774 18.0197 0.0010935
20.6 3.86256 -1.24505 18.0197 0.00109338
20.65 3.79792 -1.3408 18.0197 0.00109324
20.7 3.72853 -1.43488 18.0197 0.00109308
20.75 3.65447 -1.52717 18.0197 0.00109289
20.8 3.57586 -1.61755 18.0197 0.00109268
20.85 3.49277 -1.7059 18.0197 0.00109245
20.9 3.40532 -1.79213 18.0197 0.00109219
20.95 3.31361 -1.87612 18.0197 0.00109191
21 3.21777 -1.95776 18.0196 0.00109159
21.05 3.1179 -2.03695 18.0196 0.00109125
21.1 3.01413 -2.1136 18.0196 0.00109089
21.15 2.9066 -2.18761 18.0196 0.00109049
21.2 2.79544 -2.25889 18.0196 0.00109007
21.25 2.68079 -2.32734 18.0196 0.00108962
21.3 2.56278 -2.39288 18.0196 0.00108915
21.35 2.44157 -2.45543 18.0196 0.00108864
21.4 2.31731 -2.51492 18.0196 0.00108811
21.45 2.19016 -2.57126 18.0196 0.00108756
21.5 2.06027 -2.62439 18.0196 0.00108698
21.55 1.9278 -2.67424 18.0196 0.00108637
21.6 1.79293 -2.72075 18.0195 0.00108575
21.65 1.65581 -2.76386 18.0195 0.0010851
21.7 1.51663 -2.80351 18.0195 0.00108443
21.75 1.37555 -2.83966 18.0195 0.00108375
21.8 1.23275 -2.87227 18.0195 0.00108304
21.85 1.08841 -2.90128 18.0195 0.00108232
21.9 0.942713 -2.92667 18.0195 0.00108159
21.95 0.795837 -2.9484 18.0195 0.00108084
22 0.647966 -2.96644 18.0194 0.00108009
22.05 0.499285 -2.98078 18.0194 0.00107932
22.1 0.34998 -2.9914 18.0194 0.00107855
22.15 0.200238 -2.99827 18.0194 0.00107777
22.2 0.0502464 -3.0014 18.0194 0.00107699
22.25 -0.0998083 -3.00078 18.0194 0.00107621
22.3 -0.249738 -2.99641 18.0194 0.00107543
22.35 -0.399356 -2.9883 18.0193 0.00107465
22.4 -0.548475 -2.97645 18.0193 0.00107388
22.45 -0.696908 -2.96088 18.0193 0.00107311
22.5 -0.84447 -2.94161 18.0193 0.00107235
22.55 -0.990977 -2.91867 18.0193 0.0010716
22.6 -1.13625 -2.89208 18.0193 0.00107087
22.65 -1.28009 -2.86187 18.0193 0.00107015
22.7 -1.42234 -2.82809 18.0192 0.00106944
22.75 -1.56282 -2.79077 18.0192 0.00106875
22.8 -1.70133 -2.74997 18.0192 0.00106808
22.85 -1.83773 -2.70573 18.0192 0.00106743
22.9 -1.97182 -2.65811 18.0192 0.0010668
22.95 -2.10345 -2.60717 18.0192 0.00106619
23 -2.23246 -2.55297 18.0192 0.00106561
23.05 -2.35867 -2.49558 18.0192 0.00106505
23.1 -2.48194 -2.43507 18.0192 0.00106451
23.15 -2.6021 -2.37152 18.0192 0.00106401
23.2 -2.71902 -2.305 18.0191 0.00106353
23.25 -2.83253 -2.23561 18.0191 0.00106307
23.3 -2.94251 -2.16342 18.0191 0.00106264
23.35 -3.04881 -2.08853 18.0191 0.00106225
23.4 -3.15129 -2.01103 18.0191 0.00106187
23.45 -3.24985 -1.93101 18.0191 0.00106153
23.5 -3.34434 -1.84858 18.0191 0.00106121
23.55 -3.43465 -1.76385 18.0191 0.00106092
23.6 -3.52067 -1.6769 18.0191 0.00106066
23.65 -3.60228 -1.58787 18.0191 0.00106042
23.7 -3.6794 -1.49684 18.0191 0.00106021
23.75 -3.75192 -1.40395 18.0191 0.00106002
23.8 -3.81975 -1.30931 18.0191 0.00105986
23.85 -3.88281 -1.21302 18.0191 0.00105971
23.9 -3.94102 -1.11522 18.0191 0.00105959
23.95 -3.9943 -1.01603 18.0191 0.00105949
24 -4.04259 -0.915571 18.0191 0.0010594
24.05 -4.08583 -0.813965 18.0191 0.00105933
24.1 -4.12396 -0.711343 18.0191 0.00105928
24.15 -4.15694 -0.607831 18.0191 0.00105924
24.2 -4.18472 -0.50356 18.0191 0.00105921
24.25 -4.20728 -0.39866 18.0191 0.00105919
24.3 -4.22458 -0.293262 18.0191 0.00105918
24.35 -4.2366 -0.187497 18.0191 0.00105917
24.4 -4.24332 -0.0814977 18.0191 0.00105917
24.45 -4.24474 0.0246032 18.0191 0.00105917
24.5 -4.24086 0.130673 18.0191 0.00105917
24.55 -4.23168 0.23658 18.0191 0.00105917
24.6 -4.21721 0.342191 18.0191 0.00105916
24.65 -4.19747 0.447374 18.0191 0.00105915
24.7 -4.17249 0.551999 18.0191 0.00105913
24.75 -4.14229 0.655933 18.0191 0.0010591
24.8 -4.10692 0.759048 18.0191 0.00105906
24.85 -4.06641 0.861214 18.0191 0.00105901
24.9 -4.02082 0.962304 18.0191 0.00105894
24.95 -3.97021 1.06219 18.0191 0.00105886
25 -3.91463 1.16075 18.0191 0.00105875
25.05 -3.85417 1.25786 18.0191 0.00105863
25.1 -3.78889 1.3534 18.0191 0.00105849
25.15 -3.71887 1.44725 18.019 0.00105832
25.2 -3.64421 1.53928 18.019 0.00105814
25.25 -3.56499 1.6294 18.019 0.00105792
25.3 -3.48132 1.71748 18.019 0.00105769
25.35 -3.3933 1.80341 18.019 0.00105743
25.4 -3.30104 1.88709 18.019 0.00105714
25.45 -3.20465 1.96841 18.019 0.00105682
25.5 -3.10426 2.04727 18.019 0.00105648
25.55 -2.99999 2.12357 18.019 0.00105611
25.6 -2.89197 2.19722 18.019 0.00105571
25.65 -2.78033 2.26812 18.019 0.00105528
25.7 -2.66522 2.33619 18.019 0.00105483
25.75 -2.54679 2.40134 18.019 0.00105435
25.8 -2.42517 2.46349 18.019 0.00105384
25.85 -2.30051 2.52256 18.019 0.00105331
25.9 -2.17299 2.57848 18.0189 0.00105275
25.95 -2.04275 2.63117 18.0189 0.00105217
26 -1.90995 2.68058 18.0189 0.00105156
26.05 -1.77477 2.72664 18.0189 0.00105093
26.1 -1.63737 2.76929 18.0189 0.00105028
26.15 -1.49793 2.80848 18.0189 0.00104961
26.2 -1.35661 2.84416 18.0189 0.00104892
26.25 -1.2136 2.87629 18.0189 0.00104822
26.3 -1.06908 2.90482 18.0189 0.0010475
26.35 -0.923213 2.92972 18.0188 0.00104676
26.4 -0.776196 2.95096 18.0188 0.00104601
26.45 -0.628209 2.96852 18.0188 0.00104526
26.5 -0.479437 2.98236 18.0188 0.00104449
26.55 -0.330066 2.99248 18.0188 0.00104372
26.6 -0.180283 2.99886 18.0188 0.00104294
26.65 -0.030274 3.00149 18.0188 0.00104216
26.7 0.119772 3.00037 18.0187 0.00104138
26.75 0.269669 2.9955 18.0187 0.0010406
26.8 0.419229 2.98689 18.0187 0.00103982
26.85 0.568264 2.97454 18.0187 0.00103905
26.9 0.71659 2.95848 18.0187 0.00103828
26.95 0.86402 2.93872 18.0187 0.00103752
27 1.01037 2.91529 18.0187 0.00103678
27.05 1.15546 2.88821 18.0186 0.00103604
27.1 1.2991 2.85753 18.0186 0.00103532
27.15 1.44112 2.82328 18.0186 0.00103462
27.2 1.58134 2.7855 18.0186 0.00103393
27.25 1.71958 2.74423 18.0186 0.00103326
27.3 1.85568 2.69954 18.0186 0.00103261
27.35 1.98945 2.65148 18.0186 0.00103199
27.4 2.12074 2.6001 18.0186 0.00103138
27.45 2.24938 2.54547 18.0186 0.0010308
27.5 2.37521 2.48766 18.0185 0.00103025
27.55 2.49807 2.42674 18.0185 0.00102972
27.6 2.61781 2.3628 18.0185 0.00102921
27.65 2.73428 2.29589 18.0185 0.00102874
27.7 2.84733 2.22612 18.0185 0.00102828
27.75 2.95682 2.15357 18.0185 0.00102786
27.8 3.06262 2.07833 18.0185 0.00102747
27.85 3.16459 2.00048 18.0185 0.0010271
27.9 3.2626 1.92014 18.0185 0.00102676
27.95 3.35654 1.8374 18.0185 0.00102645
28 3.44629 1.75237 18.0185 0.00102616
28.05 3.53172 1.66514 18.0185 0.0010259
28.1 3.61275 1.57584 18.0185 0.00102566
28.15 3.68926 1.48456 18.0185 0.00102546
28.2 3.76116 1.39143 18.0185 0.00102527
28.25 3.82836 1.29656 18.0185 0.00102511
28.3 3.89077 1.20007 18.0184 0.00102497
28.35 3.94833 1.10208 18.0184 0.00102485
28.4 4.00095 1.00271 18.0184 0.00102475
28.45 4.04857 0.902095 18.0184 0.00102466
28.5 4.09113 0.800349 18.0184 0.0010246
28.55 4.12858 0.697602 18.0184 0.00102455
28.6 4.16087 0.593984 18.0184 0.00102451
28.65 4.18796 0.489624 18.0184 0.00102448
28.7 4.20981 0.384651 18.0184 0.00102446
28.75 4.22641 0.279198 18.0184 0.00102445
28.8 4.23772 0.173396 18.0184 0.00102444
28.85 4.24374 0.0673781 18.0184 0.00102444
28.9 4.24446 -0.0387245 18.0184 0.00102444
28.95 4.23987 -0.144779 18.0184 0.00102444
29 4.22999 -0.250652 18.0184 0.00102444
29.05 4.21482 -0.356212 18.0184 0.00102443
29.1 4.19438 -0.461327 18.0184 0.00102442
29.15 4.1687 -0.565865 18.0184 0.0010244
29.2 4.13781 -0.669696 18.0184 0.00102437
29.25 4.10175 -0.77269 18.0184 0.00102433
29.3 4.06056 -0.874719 18.0184 0.00102427
29.35 4.0143 -0.975654 18.0184 0.0010242
29.4 3.96303 -1.07537 18.0184 0.00102411
29.45 3.9068 -1.17374 18.0184 0.00102401
29.5 3.84569 -1.27065 18.0184 0.00102389
29.55 3.77978 -1.36597 18.0184 0.00102374
29.6 3.70914 -1.45958 18.0184 0.00102357
29.65 3.63386 -1.55136 18.0184 0.00102338
29.7 3.55405 -1.64121 18.0184 0.00102317
29.75 3.46979 -1.72901 18.0184 0.00102293
29.8 3.3812 -1.81465 18.0184 0.00102266
29.85 3.28839 -1.89802 18.0184 0.00102237
29.9 3.19146 -1.97901 18.0184 0.00102205
29.95 3.09055 -2.05754 18.0184 0.0010217
30 2.98577 -2.13349 18.0184 0.00102133
30.05 2.87726 -2.20678 18.0184 0.00102093
30.1 2.76516 -2.27731 18.0184 0.0010205
30.15 2.6496 -2.34499 18.0184 0.00102004
30.2 2.53074 -2.40974 18.0184 0.00101956
30.25 2.4087 -2.47149 18.0183 0.00101905
30.3 2.28366 -2.53014 18.0183 0.00101851
30.35 2.15577 -2.58563 18.0183 0.00101795
30.4 2.02518 -2.63789 18.0183 0.00101736
30.45 1.89206 -2.68686 18.0183 0.00101675
30.5 1.75658 -2.73246 18.0183 0.00101612
30.55 1.6189 -2.77466 18.0183 0.00101547
30.6 1.4792 -2.81338 18.0183 0.0010148
30.65 1.33765 -2.84859 18.0183 0.0010141
30.7 1.19443 -2.88024 18.0182 0.0010134
30.75 1.04972 -2.90829 18.0182 0.00101267
30.8 0.903692 -2.93271 18.0182 0.00101194
30.85 0.756538 -2.95346 18.0182 0.00101119
30.9 0.608439 -2.97052 18.0182 0.00101043
30.95 0.459579 -2.98387 18.0182 0.00100966
31 0.310145 -2.99349 18.0182 0.00100889
31.05 0.160323 -2.99937 18.0181 0.00100811
31.1 0.0103015 -3.0015 18.0181 0.00100733
31.15 -0.139733 -2.99988 18.0181 0.00100655
31.2 -0.289593 -2.99451 18.0181 0.00100577
31.25 -0.439091 -2.98541 18.0181 0.00100499
31.3 -0.58804 -2.97256 18.0181 0.00100422
31.35 -0.736255 -2.95601 18.0181 0.00100345
31.4 -0.883549 -2.93576 18.018 0.0010027
31.45 -1.02974 -2.91184 18.018 0.00100195
31.5 -1.17464 -2.88429 18.018 0.00100122
31.55 -1.31808 -2.85313 18.018 0.0010005
31.6 -1.45987 -2.8184 18.018 0.000999799
31.65 -1.59983 -2.78016 18.018 0.000999114
31.7 -1.73779 -2.73843 18.018 0.000998448
31.75 -1.87359 -2.69329 18.018 0.000997803
31.8 -2.00704 -2.64478 18.0179 0.000997179
31.85 -2.13798 -2.59297 18.0179 0.000996578
31.9 -2.26626 -2.53791 18.0179 0.000996001
31.95 -2.3917 -2.47969 18.0179 0.000995448
32 -2.51415 -2.41836 18.0179 0.000994921
32.05 -2.63346 -2.35402 18.0179 0.000994421
32.1 -2.74948 -2.28673 18.0179 0.000993947
32.15 -2.86206 -2.21659 18.0179 0.0009935
32.2 -2.97106 -2.14367 18.0179 0.00099308
32.25 -3.07636 -2.06808 18.0179 0.000992689
32.3 -3.17781 -1.9899 18.0179 0.000992325
32.35 -3.27529 -1.90924 18.0179 0.000991988
32.4 -3.36867 -1.82618 18.0179 0.000991678
32.45 -3.45785 -1.74085 18.0178 0.000991396
32.5 -3.5427 -1.65335 18.0178 0.000991139
32.55 -3.62313 -1.56377 18.0178 0.000990909
32.6 -3.69903 -1.47224 18.0178 0.000990703
32.65 -3.77031 -1.37888 18.0178 0.000990521
32.7 -3.83688 -1.28379 18.0178 0.000990361
32.75 -3.89865 -1.18709 18.0178 0.000990224
32.8 -3.95555 -1.08891 18.0178 0.000990106
32.85 -4.0075 -0.989375 18.0178 0.000990008
32.9 -4.05445 -0.8886 18.0178 0.000989928
32.95 -4.09634 -0.786715 18.0178 0.000989863
33 -4.1331 -0.683847 18.0178 0.000989813
33.05 -4.1647 -0.580124 18.0178 0.000989775
33.1 -4.1911 -0.475676 18.0178 0.000989749
33.15 -4.21225 -0.370634 18.0178 0.000989731
33.2 -4.22815 -0.265129 18.0178 0.000989721
33.25 -4.23876 -0.159293 18.0178 0.000989716
33.3 -4.24407 -0.0532574 18.0178 0.000989715
33.35 -4.24408 0.0528445 18.0178 0.000989715
33.4 -4.23879 0.15888 18.0178 0.000989714
33.45 -4.2282 0.264718 18.0178 0.000989711
33.5 -4.21233 0.370224 18.0178 0.000989704
33.55 -4.19119 0.475268 18.0178 0.00098969
33.6 -4.16481 0.579718 18.0178 0.000989669
33.65 -4.13323 0.683443 18.0178 0.000989637
33.7 -4.09649 0.786314 18.0178 0.000989593
33.75 -4.05463 0.888203 18.0178 0.000989536
33.8 -4.0077 0.988982 18.0178 0.000989464
33.85 -3.95576 1.08852 18.0178 0.000989375
33.9 -3.89888 1.18671 18.0178 0.000989267
33.95 -3.83713 1.28341 18.0178 0.00098914
34 -3.77058 1.3785 18.0178 0.000988992
34.05 -3.69932 1.47188 18.0178 0.000988821
34.1 -3.62344 1.56341 18.0178 0.000988627
34.15 -3.54303 1.65299 18.0178 0.000988409
34.2 -3.45819 1.7405 18.0178 0.000988166
34.25 -3.36903 1.82584 18.0178 0.000987897
34.3 -3.27566 1.9089 18.0178 0.000987601
34.35 -3.1782 1.98957 18.0178 0.000987278
34.4 -3.07677 2.06776 18.0178 0.000986927
34.45 -2.97149 2.14336 18.0178 0.00098655
34.5 -2.8625 2.21629 18.0178 0.000986144
34.55 -2.74993 2.28644 18.0177 0.000985711
34.6 -2.63392 2.35374 18.0177 0.000985251
34.65 -2.51463 2.41809 18.0177 0.000984764
34.7 -2.39219 2.47943 18.0177 0.00098425
34.75 -2.26676 2.53767 18.0177 0.00098371
34.8 -2.1385 2.59273 18.0177 0.000983145
34.85 -2.00757 2.64455 18.0177 0.000982556
34.9 -1.87413 2.69308 18.0177 0.000981943
34.95 -1.73835 2.73823 18.0177 0.000981309
35 -1.60039 2.77996 18.0177 0.000980653
35.05 -1.46044 2.81822 18.0176 0.000979978
35.1 -1.31866 2.85296 18.0176 0.000979284
35.15 -1.17523 2.88413 18.0176 0.000978574
35.2 -1.03034 2.9117 18.0176 0.000977849
35.25 -0.884153 2.93563 18.0176 0.00097711
35.3 -0.736865 2.95589 18.0176 0.00097636
35.35 -0.588656 2.97246 18.0176 0.000975599
35.4 -0.439711 2.98531 18.0175 0.000974831
35.45 -0.290218 2.99444 18.0175 0.000974056
35.5 -0.140361 2.99982 18.0175 0.000973278
35.55 0.00967047 3.00145 18.0175 0.000972497
35.6 0.15969 2.99933 18.0175 0.000971715
35.65 0.30951 2.99347 18.0175 0.000970935
35.7 0.458943 2.98386 18.0175 0.000970159
35.75 0.607803 2.97052 18.0174 0.000969388
35.8 0.755903 2.95348 18.0174 0.000968624
35.85 0.903058 2.93274 18.0174 0.00096787
35.9 1.04908 2.90834 18.0174 0.000967127
35.95 1.1938 2.8803 18.0174 0.000966396
36 1.33702 2.84866 18.0174 0.00096568
36.05 1.47858 2.81347 18.0174 0.00096498
36.1 1.61828 2.77475 18.0174 0.000964298
36.15 1.75597 2.73257 18.0173 0.000963635
36.2 1.89146 2.68698 18.0173 0.000962993
36.25 2.02458 2.63803 18.0173 0.000962372
36.3 2.15518 2.58578 18.0173 0.000961774
36.35 2.28308 2.5303 18.0173 0.0009612
36.4 2.40813 2.47166 18.0173 0.000960651
36.45 2.53017 2.40993 18.0173 0.000960127
36.5 2.64905 2.34519 18.0173 0.00095963
36.55 2.76461 2.27752 18.0173 0.00095916
36.6 2.87673 2.207 18.0173 0.000958717
36.65 2.98524 2.13373 18.0172 0.000958301
36.7 3.09003 2.05778 18.0172 0.000957913
36.75 3.19096 1.97927 18.0172 0.000957552
36.8 3.2879 1.89828 18.0172 0.000957219
36.85 3.38073 1.81493 18.0172 0.000956914
36.9 3.46933 1.7293 18.0172 0.000956634
36.95 3.5536 1.64151 18.0172 0.000956382
37 3.63343 1.55167 18.0172 0.000956154
37.05 3.70872 1.4599 18.0172 0.000955951
37.1 3.77938 1.36629 18.0172 0.000955772
37.15 3.84531 1.27098 18.0172 0.000955616
37.2 3.90644 1.17409 18.0172 0.000955481
37.25 3.96268 1.07572 18.0172 0.000955367
37.3 4.01397 0.976014 18.0172 0.000955271
37.35 4.06025 0.875086 18.0172 0.000955192
37.4 4.10146 0.773064 18.0172 0.00095513
37.45 4.13753 0.670077 18.0172 0.000955081
37.5 4.16844 0.566252 18.0172 0.000955045
37.55 4.19414 0.461719 18.0172 0.00095502
37.6 4.2146 0.35661 18.0172 0.000955004
37.65 4.22979 0.251055 18.0172 0.000954994
37.7 4.2397 0.145186 18.0172 0.00095499
37.75 4.24431 0.0391361 18.0172 0.000954989
37.8 4.24361 -0.0669629 18.0172 0.000954989
37.85 4.23761 -0.172978 18.0172 0.000954988
37.9 4.22632 -0.278777 18.0172 0.000954985
37.95 4.20974 -0.384228 18.0172 0.000954977
38 4.18791 -0.489198 18.0172 0.000954962
38.05 4.16084 -0.593557 18.0172 0.000954939
38.1 4.12857 -0.697175 18.0172 0.000954906
38.15 4.09114 -0.799921 18.0172 0.000954861
38.2 4.0486 -0.901667 18.0172 0.000954802
38.25 4.001 -1.00229 18.0172 0.000954727
38.3 3.9484 -1.10165 18.0172 0.000954636
38.35 3.89087 -1.19964 18.0172 0.000954526
38.4 3.82848 -1.29614 18.0172 0.000954396
38.45 3.7613 -1.39101 18.0172 0.000954245
38.5 3.68942 -1.48414 18.0172 0.000954071
38.55 3.61293 -1.57542 18.0172 0.000953874
38.6 3.53193 -1.66473 18.0172 0.000953653
38.65 3.44651 -1.75196 18.0172 0.000953406
38.7 3.35679 -1.837 18.0172 0.000953133
38.75 3.26287 -1.91975 18.0172 0.000952834
38.8 3.16487 -2.00009 18.0171 0.000952507
38.85 3.06292 -2.07794 18.0171 0.000952153
38.9 2.95714 -2.15319 18.0171 0.000951772
38.95 2.84767 -2.22575 18.0171 0.000951363
39 2.73464 -2.29553 18.0171 0.000950926
39.05 2.61819 -2.36243 18.0171 0.000950462
39.1 2.49847 -2.42639 18.0171 0.000949971
39.15 2.37563 -2.48732 18.0171 0.000949454
39.2 2.24981 -2.54513 18.0171 0.000948911
39.25 2.12119 -2.59977 18.0171 0.000948343
39.3 1.98992 -2.65116 18.0171 0.00094775
39.35 1.85616 -2.69923 18.017 0.000947135
39.4 1.72008 -2.74394 18.017 0.000946497
39.45 1.58185 -2.78521 18.017 0.000945839
39.5 1.44165 -2.823 18.017 0.000945161
39.55 1.29964 -2.85727 18.017 0.000944465
39.6 1.15601 -2.88796 18.017 0.000943753
39.65 1.01093 -2.91505 18.017 0.000943026
39.7 0.864594 -2.93849 18.017 0.000942286
39.75 0.717175 -2.95826 18.0169 0.000941534
39.8 0.568861 -2.97433 18.0169 0.000940772
39.85 0.419835 -2.98669 18.0169 0.000940003
39.9 0.270285 -2.99532 18.0169 0.000939228
39.95 0.120397 -3.0002 18.0169 0.000938449
40 -0.0296415 -3.00133 18.0169 0.000937667
40.05 -0.179643 -2.99872 18.0169 0.000936886
40.1 -0.329419 -2.99235 18.0168 0.000936107
40.15 -0.478784 -2.98225 18.0168 0.000935331
40.2 -0.627551 -2.96842 18.0168 0.000934561
40.25 -0.775533 -2.95088 18.0168 0.000933798
40.3 -0.922547 -2.92965 18.0168 0.000933045
40.35 -1.06841 -2.90476 18.0168 0.000932304
40.4 -1.21293 -2.87624 18.0168 0.000931575
40.45 -1.35594 -2.84413 18.0168 0.000930861
40.5 -1.49726 -2.80847 18.0167 0.000930164
40.55 -1.6367 -2.76929 18.0167 0.000929484
40.6 -1.7741 -2.72665 18.0167 0.000928824
40.65 -1.90928 -2.68061 18.0167 0.000928184
40.7 -2.04208 -2.63122 18.0167 0.000927566
40.75 -2.17232 -2.57854 18.0167 0.000926971
40.8 -2.29985 -2.52263 18.0167 0.000926401
40.85 -2.4245 -2.46358 18.0167 0.000925855
40.9 -2.54613 -2.40144 18.0167 0.000925335
40.95 -2.66457 -2.33631 18.0166 0.000924841
41 -2.77969 -2.26826 18.0166 0.000924374
41.05 -2.89133 -2.19737 18.0166 0.000923935
41.1 -2.99936 -2.12373 18.0166 0.000923523
41.15 -3.10364 -2.04744 18.0166 0.000923139
41.2 -3.20404 -1.9686 18.0166 0.000922782
41.25 -3.30043 -1.88729 18.0166 0.000922453
41.3 -3.39271 -1.80363 18.0166 0.00092215
41.35 -3.48074 -1.71771 18.0166 0.000921875
41.4 -3.56442 -1.62964 18.0166 0.000921625
41.45 -3.64365 -1.53954 18.0166 0.000921401
41.5 -3.71833 -1.44752 18.0166 0.000921202
41.55 -3.78836 -1.35368 18.0166 0.000921026
41.6 -3.85366 -1.25816 18.0166 0.000920872
41.65 -3.91414 -1.16106 18.0166 0.00092074
41.7 -3.96973 -1.06251 18.0166 0.000920628
41.75 -4.02035 -0.962632 18.0166 0.000920535
41.8 -4.06596 -0.861553 18.0166 0.000920459
41.85 -4.10648 -0.759397 18.0166 0.000920398
41.9 -4.14187 -0.656292 18.0166 0.000920351
41.95 -4.17209 -0.552368 18.0166 0.000920317
42 -4.19709 -0.447752 18.0166 0.000920293
42.05 -4.21685 -0.342578 18.0166 0.000920278
42.1 -4.23134 -0.236975 18.0166 0.000920269
42.15 -4.24054 -0.131077 18.0166 0.000920265
42.2 -4.24444 -0.0250144 18.0166 0.000920264
42.25 -4.24304 0.0810792 18.0166 0.000920264
42.3 -4.23634 0.187071 18.0166 0.000920264
42.35 -4.22434 0.29283 18.0166 0.00092026
42.4 -4.20707 0.398222 18.0166 0.000920251
42.45 -4.18453 0.503117 18.0166 0.000920235
42.5 -4.15677 0.607383 18.0166 0.000920211
42.55 -4.12381 0.71089 18.0166 0.000920176
42.6 -4.0857 0.813509 18.0166 0.000920129
42.65 -4.04249 0.915111 18.0166 0.000920068
42.7 -3.99422 1.01557 18.0166 0.000919992
42.75 -3.94096 1.11476 18.0166 0.000919898
42.8 -3.88278 1.21256 18.0166 0.000919785
42.85 -3.81974 1.30884 18.0166 0.000919652
42.9 -3.75194 1.40348 18.0166 0.000919498
42.95 -3.67944 1.49637 18.0165 0.000919322
43 -3.60235 1.5874 18.0165 0.000919122
43.05 -3.52075 1.67643 18.0165 0.000918897
43.1 -3.43476 1.76338 18.0165 0.000918647
43.15 -3.34447 1.84812 18.0165 0.00091837
43.2 -3.25 1.93055 18.0165 0.000918067
43.25 -3.15147 2.01056 18.0165 0.000917737
43.3 -3.04901 2.08807 18.0165 0.00091738
43.35 -2.94273 2.16297 18.0165 0.000916994
43.4 -2.83278 2.23516 18.0165 0.000916582
43.45 -2.71929 2.30456 18.0165 0.000916141
43.5 -2.60239 2.37108 18.0165 0.000915674
43.55 -2.48225 2.43464 18.0165 0.000915179
43.6 -2.35901 2.49515 18.0165 0.000914659
43.65 -2.23281 2.55255 18.0165 0.000914112
43.7 -2.10383 2.60675 18.0164 0.000913541
43.75 -1.97222 2.6577 18.0164 0.000912945
43.8 -1.83815 2.70533 18.0164 0.000912327
43.85 -1.70177 2.74958 18.0164 0.000911687
43.9 -1.56327 2.79039 18.0164 0.000911026
43.95 -1.42282 2.82772 18.0164 0.000910345
44 -1.28059 2.86151 18.0164 0.000909647
44.05 -1.13676 2.89172 18.0164 0.000908933
44.1 -0.991507 2.91833 18.0163 0.000908204
44.15 -0.845017 2.94128 18.0163 0.000907462
44.2 -0.697471 2.96056 18.0163 0.000906709
44.25 -0.549054 2.97614 18.0163 0.000905946
44.3 -0.39995 2.988 18.0163 0.000905176
44.35 -0.250346 2.99613 18.0163 0.0009044
44.4 -0.10043 3.00051 18.0163 0.000903621
44.45 0.0496113 3.00115 18.0163 0.000902839
44.5 0.199591 2.99803 18.0162 0.000902058
44.55 0.349321 2.99117 18.0162 0.000901279
44.6 0.498614 2.98057 18.0162 0.000900504
44.65 0.647285 2.96624 18.0162 0.000899735
44.7 0.795146 2.94821 18.0162 0.000898974
44.75 0.942014 2.9265 18.0162 0.000898222
44.8 1.0877 2.90113 18.0162 0.000897482
44.85 1.23204 2.87213 18.0161 0.000896756
44.9 1.37483 2.83954 18.0161 0.000896044
44.95 1.5159 2.80341 18.0161 0.000895349
45 1.65508 2.76377 18.0161 0.000894671
45.05 1.79219 2.72067 18.0161 0.000894014
45.1 1.92706 2.67418 18.0161 0.000893377
45.15 2.05953 2.62435 18.0161 0.000892762
45.2 2.18942 2.57124 18.0161 0.000892171
45.25 2.31657 2.51491 18.016 0.000891603
45.3 2.44083 2.45544 18.016 0.000891061
45.35 2.56204 2.39291 18.016 0.000890544
45.4 2.68004 2.32738 18.016 0.000890054
45.45 2.7947 2.25894 18.016 0.000889591
45.5 2.90587 2.18769 18.016 0.000889155
45.55 3.0134 2.11369 18.016 0.000888747
45.6 3.11717 2.03706 18.016 0.000888366
45.65 3.21704 1.95788 18.016 0.000888013
45.7 3.3129 1.87626 18.016 0.000887687
45.75 3.40461 1.79229 18.016 0.000887389
45.8 3.49207 1.70608 18.016 0.000887117
45.85 3.57517 1.61774 18.016 0.000886871
45.9 3.65379 1.52737 18.016 0.00088665
45.95 3.72786 1.4351 18.016 0.000886454
46 3.79726 1.34104 18.016 0.000886281
46.05 3.86192 1.2453 18.016 0.00088613
46.1 3.92175 1.148 18.0159 0.000886001
46.15 3.97668 1.04927 18.0159 0.000885891
46.2 4.02665 0.949229 18.0159 0.0008858
46.25 4.07158 0.848001 18.0159 0.000885726
46.3 4.11142 0.745713 18.0159 0.000885668
46.35 4.14612 0.642494 18.0159 0.000885623
46.4 4.17565 0.538471 18.0159 0.00088559
46.45 4.19995 0.433776 18.0159 0.000885567
46.5 4.21901 0.328539 18.0159 0.000885553
46.55 4.2328 0.222891 18.0159 0.000885545
46.6 4.24129 0.116965 18.0159 0.000885542
46.65 4.24449 0.0108926 18.0159 0.000885541
46.7 4.24238 -0.0951933 18.0159 0.000885541
46.75 4.23497 -0.20116 18.0159 0.00088554
46.8 4.22227 -0.306876 18.0159 0.000885536
46.85 4.2043 -0.412208 18.0159 0.000885526
46.9 4.18107 -0.517025 18.0159 0.000885509
46.95 4.15261 -0.621195 18.0159 0.000885484
47 4.11897 -0.72459 18.0159 0.000885448
47.05 4.08017 -0.827079 18.0159 0.000885399
47.1 4.03628 -0.928534 18.0159 0.000885336
47.15 3.98735 -1.02883 18.0159 0.000885257
47.2 3.93343 -1.12784 18.0159 0.000885161
47.25 3.8746 -1.22544 18.0159 0.000885045
47.3 3.81093 -1.32151 18.0159 0.00088491
47.35 3.74249 -1.41592 18.0159 0.000884753
47.4 3.66938 -1.50857 18.0159 0.000884573
47.45 3.59168 -1.59933 18.0159 0.00088437
47.5 3.5095 -1.6881 18.0159 0.000884142
47.55 3.42292 -1.77475 18.0159 0.000883888
47.6 3.33208 -1.85919 18.0159 0.000883608
47.65 3.23706 -1.9413 18.0159 0.000883302
47.7 3.13801 -2.02099 18.0159 0.000882968
47.75 3.03503 -2.09815 18.0159 0.000882607
47.8 2.92826 -2.17269 18.0159 0.000882218
47.85 2.81783 -2.24452 18.0159 0.000881802
47.9 2.70387 -2.31354 18.0159 0.000881358
47.95 2.58654 -2.37967 18.0159 0.000880886
48 2.46598 -2.44282 18.0158 0.000880389
48.05 2.34234 -2.50293 18.0158 0.000879864
48.1 2.21577 -2.5599 18.0158 0.000879315
48.15 2.08643 -2.61368 18.0158 0.00087874
48.2 1.95448 -2.66419 18.0158 0.000878141
48.25 1.82009 -2.71137 18.0158 0.00087752
48.3 1.68343 -2.75516 18.0158 0.000876877
48.35 1.54466 -2.79551 18.0158 0.000876213
48.4 1.40396 -2.83237 18.0158 0.000875531
48.45 1.26151 -2.86569 18.0157 0.00087483
48.5 1.11749 -2.89542 18.0157 0.000874114
48.55 0.972061 -2.92154 18.0157 0.000873383
48.6 0.825422 -2.94401 18.0157 0.00087264
48.65 0.677752 -2.9628 18.0157 0.000871885
48.7 0.529235 -2.97788 18.0157 0.000871121
48.75 0.380057 -2.98925 18.0157 0.00087035
48.8 0.230403 -2.99688 18.0157 0.000869574
48.85 0.0804623 -3.00076 18.0156 0.000868794
48.9 -0.0695792 -3.0009 18.0156 0.000868013
48.95 -0.219534 -2.99728 18.0156 0.000867232
49 -0.369214 -2.98992 18.0156 0.000866453
49.05 -0.518433 -2.97883 18.0156 0.000865679
49.1 -0.667003 -2.96401 18.0156 0.000864911
49.15 -0.814741 -2.94548 18.0156 0.000864151
49.2 -0.96146 -2.92328 18.0155 0.000863401
49.25 -1.10698 -2.89742 18.0155 0.000862662
49.3 -1.25111 -2.86795 18.0155 0.000861938
49.35 -1.39368 -2.83489 18.0155 0.000861228
49.4 -1.53451 -2.79828 18.0155 0.000860535
49.45 -1.67342 -2.75818 18.0155 0.00085986
49.5 -1.81024 -2.71463 18.0155 0.000859205
49.55 -1.9448 -2.6677 18.0155 0.000858571
49.6 -2.07693 -2.61742 18.0154 0.00085796
49.65 -2.20646 -2.56388 18.0154 0.000857371
49.7 -2.33324 -2.50713 18.0154 0.000856807
49.75 -2.4571 -2.44725 18.0154 0.000856268
49.8 -2.57789 -2.38431 18.0154 0.000855755
49.85 -2.69545 -2.3184 18.0154 0.000855269
49.9 -2.80965 -2.24958 18.0154 0.000854809
49.95 -2.92034 -2.17796 18.0154 0.000854377
50 -3.02738 -2.10361 18.0154 0.000853972
50.05 -3.13064 -2.02663 18.0154 0.000853595
50.1 -3.22998 -1.94712 18.0154 0.000853246
50.15 -3.32529 -1.86518 18.0154 0.000852924
50.2 -3.41644 -1.78091 18.0153 0.000852629
50.25 -3.50332 -1.69441 18.0153 0.00085236
50.3 -3.58583 -1.6058 18.0153 0.000852118
50.35 -3.66385 -1.51518 18.0153 0.0008519
50.4 -3.7373 -1.42266 18.0153 0.000851707
50.45 -3.80608 -1.32837 18.0153 0.000851537
50.5 -3.87009 -1.23241 18.0153 0.00085139
50.55 -3.92928 -1.13492 18.0153 0.000851263
50.6 -3.98355 -1.03601 18.0153 0.000851156
50.65 -4.03285 -0.935806 18.0153 0.000851068
50.7 -4.0771 -0.834431 18.0153 0.000850996
50.75 -4.11626 -0.732014 18.0153 0.000850939
50.8 -4.15028 -0.628682 18.0153 0.000850896
50.85 -4.17911 -0.524564 18.0153 0.000850864
50.9 -4.20272 -0.419791 18.0153 0.000850843
50.95 -4.22108 -0.314493 18.0153 0.000850829
51 -4.23416 -0.208803 18.0153 0.000850822
51.05 -4.24195 -0.102851 18.0153 0.000850819
51.1 -4.24444 0.00322892 18.0153 0.000850819
51.15 -4.24163 0.109305 18.0153 0.000850819
51.2 -4.23352 0.215244 18.0153 0.000850817
51.25 -4.22011 0.320914 18.0153 0.000850812
51.3 -4.20143 0.426184 18.0153 0.000850802
51.35 -4.17751 0.53092 18.0153 0.000850784
51.4 -4.14836 0.634993 18.0153 0.000850758
51.45 -4.11403 0.738273 18.0153 0.00085072
51.5 -4.07455 0.84063 18.0153 0.000850669
51.55 -4.02999 0.941936 18.0153 0.000850604
51.6 -3.98039 1.04207 18.0153 0.000850523
51.65 -3.92582 1.14089 18.0153 0.000850424
51.7 -3.86634 1.23829 18.0153 0.000850307
51.75 -3.80203 1.33415 18.0153 0.000850168
51.8 -3.73296 1.42834 18.0153 0.000850008
51.85 -3.65924 1.52074 18.0153 0.000849826
51.9 -3.58094 1.61124 18.0153 0.000849619
51.95 -3.49816 1.69973 18.0153 0.000849387
52 -3.41102 1.78609 18.0153 0.00084913
52.05 -3.31961 1.87022 18.0153 0.000848847
52.1 -3.22405 1.95202 18.0153 0.000848537
52.15 -3.12447 2.03137 18.0153 0.000848199
52.2 -3.02098 2.10819 18.0153 0.000847835
52.25 -2.91372 2.18237 18.0153 0.000847442
52.3 -2.80281 2.25383 18.0152 0.000847022
52.35 -2.6884 2.32247 18.0152 0.000846575
52.4 -2.57064 2.38821 18.0152 0.0008461
52.45 -2.44966 2.45096 18.0152 0.000845598
52.5 -2.32562 2.51065 18.0152 0.000845071
52.55 -2.19867 2.5672 18.0152 0.000844518
52.6 -2.06898 2.62055 18.0152 0.00084394
52.65 -1.9367 2.67062 18.0152 0.000843338
52.7 -1.802 2.71735 18.0152 0.000842714
52.75 -1.66505 2.76069 18.0152 0.000842068
52.8 -1.52602 2.80057 18.0151 0.000841402
52.85 -1.38508 2.83696 18.0151 0.000840717
52.9 -1.24241 2.8698 18.0151 0.000840014
52.95 -1.09819 2.89906 18.0151 0.000839296
53 -0.952594 2.92469 18.0151 0.000838563
53.05 -0.80581 2.94667 18.0151 0.000837818
53.1 -0.658019 2.96497 18.0151 0.000837062
53.15 -0.509405 2.97956 18.0151 0.000836298
53.2 -0.360156 2.99043 18.015 0.000835526
53.25 -0.210456 2.99756 18.015 0.000834749
53.3 -0.0604933 3.00095 18.015 0.000833969
53.35 0.0895449 3.00058 18.015 0.000833187
53.4 0.239471 2.99647 18.015 0.000832406
53.45 0.389098 2.98861 18.015 0.000831628
53.5 0.538239 2.97702 18.015 0.000830855
53.55 0.686707 2.9617 18.0149 0.000830088
53.6 0.834317 2.94269 18.0149 0.000829329
53.65 0.980884 2.92 18.0149 0.00082858
53.7 1.12623 2.89366 18.0149 0.000827844
53.75 1.27016 2.8637 18.0149 0.000827121
53.8 1.41251 2.83017 18.0149 0.000826413
53.85 1.55309 2.7931 18.0149 0.000825723
53.9 1.69173 2.75254 18.0149 0.000825051
53.95 1.82826 2.70853 18.0148 0.000824399
54 1.9625 2.66115 18.0148 0.000823768
54.05 2.09429 2.61044 18.0148 0.000823159
54.1 2.22346 2.55647 18.0148 0.000822574
54.15 2.34985 2.4993 18.0148 0.000822013
54.2 2.47331 2.43901 18.0148 0.000821477
54.25 2.59368 2.37567 18.0148 0.000820968
54.3 2.7108 2.30936 18.0148 0.000820485
54.35 2.82454 2.24017 18.0148 0.000820029
54.4 2.93475 2.16818 18.0148 0.000819601
54.45 3.04129 2.09348 18.0147 0.0008192
54.5 3.14403 2.01616 18.0147 0.000818826
54.55 3.24285 1.93632 18.0147 0.000818481
54.6 3.3376 1.85407 18.0147 0.000818162
54.65 3.42819 1.76949 18.0147 0.000817871
54.7 3.5145 1.68271 18.0147 0.000817606
54.75 3.59641 1.59382 18.0147 0.000817366
54.8 3.67383 1.50294 18.0147 0.000817152
54.85 3.74666 1.41019 18.0147 0.000816962
54.9 3.81481 1.31567 18.0147 0.000816795
54.95 3.87819 1.2195 18.0147 0.000816651
55 3.93672 1.12182 18.0147 0.000816527
55.05 3.99033 1.02273 18.0147 0.000816423
55.1 4.03896 0.922362 18.0147 0.000816336
55.15 4.08254 0.820843 18.0147 0.000816266
55.2 4.12102 0.718298 18.0147 0.000816212
55.25 4.15435 0.614856 18.0147 0.00081617
55.3 4.18248 0.510645 18.0147 0.00081614
55.35 4.2054 0.405797 18.0147 0.00081612
55.4 4.22305 0.300441 18.0147 0.000816107
55.45 4.23543 0.19471 18.0147 0.000816101
55.5 4.24252 0.0887354 18.0147 0.000816098
55.55 4.2443 -0.0173499 18.0147 0.000816098
55.6 4.24078 -0.123413 18.0147 0.000816098
55.65 4.23196 -0.229323 18.0147 0.000816096
55.7 4.21786 -0.334945 18.0147 0.000816091
55.75 4.19848 -0.440149 18.0147 0.000816079
55.8 4.17386 -0.544803 18.0147 0.00081606
55.85 4.14402 -0.648777 18.0147 0.000816032
55.9 4.109 -0.751939 18.0147 0.000815993
55.95 4.06885 -0.854162 18.0147 0.00081594
56 4.02361 -0.955317 18.0147 0.000815873
56.05 3.97334 -1.05528 18.0147 0.00081579
56.1 3.91811 -1.15392 18.0147 0.000815689
56.15 3.85799 -1.25112 18.0147 0.000815568
56.2 3.79304 -1.34676 18.0147 0.000815427
56.25 3.72335 -1.44071 18.0147 0.000815265
56.3 3.64901 -1.53287 18.0147 0.000815079
56.35 3.57011 -1.62311 18.0147 0.000814869
56.4 3.48675 -1.71132 18.0147 0.000814634
56.45 3.39904 -1.79739 18.0147 0.000814373
56.5 3.30707 -1.88121 18.0147 0.000814086
56.55 3.21097 -1.96269 18.0146 0.000813773
56.6 3.11086 -2.04171 18.0146 0.000813432
56.65 3.00687 -2.11818 18.0146 0.000813063
56.7 2.89911 -2.19201 18.0146 0.000812667
56.75 2.78773 -2.26309 18.0146 0.000812243
56.8 2.67287 -2.33135 18.0146 0.000811792
56.85 2.55467 -2.39669 18.0146 0.000811314
56.9 2.43328 -2.45904 18.0146 0.000810809
56.95 2.30885 -2.51831 18.0146 0.000810278
57 2.18153 -2.57444 18.0146 0.000809721
57.05 2.05148 -2.62735 18.0146 0.00080914
57.1 1.91887 -2.67698 18.0146 0.000808536
57.15 1.78387 -2.72327 18.0145 0.000807908
57.2 1.64663 -2.76615 18.0145 0.00080726
57.25 1.50734 -2.80557 18.0145 0.000806591
57.3 1.36616 -2.84149 18.0145 0.000805904
57.35 1.22328 -2.87385 18.0145 0.000805199
57.4 1.07887 -2.90263 18.0145 0.000804479
57.45 0.933106 -2.92778 18.0145 0.000803744
57.5 0.78618 -2.94927 18.0145 0.000802998
57.55 0.638271 -2.96707 18.0144 0.000802241
57.6 0.489565 -2.98117 18.0144 0.000801475
57.65 0.340247 -2.99154 18.0144 0.000800702
57.7 0.190504 -2.99818 18.0144 0.000799925
57.75 0.0405236 -3.00106 18.0144 0.000799144
57.8 -0.109508 -3.0002 18.0144 0.000798363
57.85 -0.259403 -2.99559 18.0144 0.000797582
57.9 -0.408973 -2.98723 18.0143 0.000796805
57.95 -0.558032 -2.97514 18.0143 0.000796032
58 -0.706394 -2.95933 18.0143 0.000795266
58.05 -0.853873 -2.93983 18.0143 0.000794509
58.1 -1.00029 -2.91665 18.0143 0.000793761
58.15 -1.14545 -2.88983 18.0143 0.000793027
58.2 -1.28918 -2.8594 18.0143 0.000792306
58.25 -1.4313 -2.82539 18.0142 0.0007916
58.3 -1.57163 -2.78785 18.0142 0.000790912
58.35 -1.71 -2.74683 18.0142 0.000790243
58.4 -1.84623 -2.70238 18.0142 0.000789593
58.45 -1.98015 -2.65454 18.0142 0.000788965
58.5 -2.1116 -2.6034 18.0142 0.00078836
58.55 -2.24041 -2.549 18.0142 0.000787778
58.6 -2.36642 -2.49141 18.0142 0.00078722
58.65 -2.48947 -2.43071 18.0142 0.000786688
58.7 -2.60941 -2.36697 18.0142 0.000786182
58.75 -2.72609 -2.30028 18.0141 0.000785703
58.8 -2.83937 -2.23071 18.0141 0.000785251
58.85 -2.94909 -2.15835 18.0141 0.000784826
58.9 -3.05514 -2.0833 18.0141 0.000784429
58.95 -3.15736 -2.00564 18.0141 0.000784059
59 -3.25564 -1.92548 18.0141 0.000783717
59.05 -3.34985 -1.84291 18.0141 0.000783402
59.1 -3.43987 -1.75804 18.0141 0.000783114
59.15 -3.5256 -1.67097 18.0141 0.000782853
59.2 -3.60692 -1.58181 18.0141 0.000782617
59.25 -3.68373 -1.49068 18.0141 0.000782406
59.3 -3.75594 -1.39768 18.0141 0.000782219
59.35 -3.82345 -1.30294 18.0141 0.000782055
59.4 -3.88619 -1.20657 18.0141 0.000781913
59.45 -3.94407 -1.10869 18.0141 0.000781792
59.5 -3.99702 -1.00942 18.0141 0.00078169
59.55 -4.04498 -0.908898 18.0141 0.000781606
59.6 -4.08788 -0.807237 18.0141 0.000781539
59.65 -4.12568 -0.704567 18.0141 0.000781486
59.7 -4.15832 -0.601017 18.0141 0.000781446
59.75 -4.18576 -0.496716 18.0141 0.000781417
59.8 -4.20798 -0.391794 18.0141 0.000781398
59.85 -4.22493 -0.286382 18.0141 0.000781386
59.9 -4.23661 -0.180613 18.0141 0.000781381
59.95 -4.24299 -0.0746182 18.0141 0.000781379
60 -4.24406 0.03147 18.0141 0.000781379
60.05 -4.23984 0.137519 18.0141 0.000781378
60.1 -4.23032 0.243396 18.0141 0.000781376
60.15 -4.21551 0.348968 18.0141 0.00078137
60.2 -4.19543 0.454105 18.0141 0.000781358
60.25 -4.17011 0.558674 18.0141 0.000781338
60.3 -4.13958 0.662545 18.0141 0.000781308
60.35 -4.10388 0.765588 18.0141 0.000781267
60.4 -4.06305 0.867674 18.0141 0.000781213
60.45 -4.01714 0.968676 18.0141 0.000781144
60.5 -3.96621 1.06847 18.0141 0.000781058
60.55 -3.91032 1.16692 18.0141 0.000780954
60.6 -3.84955 1.26392 18.0141 0.000780831
60.65 -3.78397 1.35934 18.0141 0.000780687
60.7 -3.71366 1.45306 18.014 0.000780522
60.75 -3.63871 1.54496 18.014 0.000780332
60.8 -3.55921 1.63494 18.014 0.000780119
60.85 -3.47527 1.72287 18.014 0.000779881
60.9 -3.38698 1.80865 18.014 0.000779617
60.95 -3.29446 1.89216 18.014 0.000779327
61 -3.19782 1.97332 18.014 0.000779009
61.05 -3.09719 2.052 18.014 0.000778665
61.1 -2.99269 2.12813 18.014 0.000778292
61.15 -2.88444 2.20159 18.014 0.000777893
61.2 -2.7726 2.2723 18.014 0.000777465
61.25 -2.65728 2.34017 18.014 0.000777011
61.3 -2.53865 2.40512 18.014 0.000776529
61.35 -2.41685 2.46706 18.014 0.00077602
61.4 -2.29202 2.52592 18.014 0.000775486
61.45 -2.16433 2.58163 18.0139 0.000774926
61.5 -2.03394 2.63411 18.0139 0.000774342
61.55 -1.90101 2.68329 18.0139 0.000773734
61.6 -1.7657 2.72912 18.0139 0.000773104
61.65 -1.62818 2.77155 18.0139 0.000772453
61.7 -1.48863 2.81051 18.0139 0.000771781
61.75 -1.34722 2.84595 18.0139 0.000771091
61.8 -1.20412 2.87784 18.0139 0.000770385
61.85 -1.05952 2.90614 18.0139 0.000769662
61.9 -0.913598 2.9308 18.0138 0.000768926
61.95 -0.766533 2.9518 18.0138 0.000768178
62 -0.618511 2.96911 18.0138 0.00076742
62.05 -0.469715 2.98271 18.0138 0.000766653
62.1 -0.320332 2.99259 18.0138 0.00076588
62.15 -0.17055 2.99872 18.0138 0.000765102
62.2 -0.0205536 3.00111 18.0138 0.000764321
62.25 0.129468 2.99975 18.0137 0.00076354
62.3 0.279327 2.99464 18.0137 0.00076276
62.35 0.428838 2.98578 18.0137 0.000761983
62.4 0.577813 2.9732 18.0137 0.000761211
62.45 0.726065 2.9569 18.0137 0.000760446
62.5 0.87341 2.93691 18.0137 0.00075969
62.55 1.01966 2.91324 18.0137 0.000758944
62.6 1.16464 2.88594 18.0136 0.000758211
62.65 1.30817 2.85502 18.0136 0.000757492
62.7 1.45006 2.82055 18.0136 0.000756789
62.75 1.59013 2.78254 18.0136 0.000756103
62.8 1.72822 2.74106 18.0136 0.000755436
62.85 1.86415 2.69616 18.0136 0.00075479
62.9 1.99776 2.64788 18.0136 0.000754165
62.95 2.12886 2.5963 18.0136 0.000753562
63 2.2573 2.54147 18.0136 0.000752983
63.05 2.38293 2.48347 18.0135 0.000752429
63.1 2.50557 2.42236 18.0135 0.000751901
63.15 2.62509 2.35822 18.0135 0.000751398
63.2 2.74132 2.29114 18.0135 0.000750922
63.25 2.85413 2.2212 18.0135 0.000750474
63.3 2.96337 2.14848 18.0135 0.000750053
63.35 3.06891 2.07307 18.0135 0.000749659
63.4 3.17061 1.99508 18.0135 0.000749293
63.45 3.26836 1.91459 18.0135 0.000748955
63.5 3.36201 1.83171 18.0135 0.000748644
63.55 3.45147 1.74654 18.0135 0.000748359
63.6 3.53661 1.65919 18.0135 0.000748101
63.65 3.61734 1.56977 18.0135 0.000747869
63.7 3.69354 1.47838 18.0135 0.000747661
63.75 3.76513 1.38515 18.0135 0.000747477
63.8 3.83201 1.29018 18.0135 0.000747317
63.85 3.89411 1.1936 18.0134 0.000747178
63.9 3.95134 1.09553 18.0134 0.000747059
63.95 4.00363 0.996097 18.0134 0.00074696
64 4.05091 0.895415 18.0134 0.000746878
64.05 4.09314 0.793614 18.0134 0.000746812
64.1 4.13025 0.690821 18.0134 0.000746761
64.15 4.1622 0.587165 18.0134 0.000746723
64.2 4.18895 0.482776 18.0134 0.000746696
64.25 4.21046 0.377783 18.0134 0.000746678
64.3 4.22672 0.272318 18.0134 0.000746667
64.35 4.23769 0.166513 18.0134 0.000746662
64.4 4.24336 0.0604999 18.0134 0.00074666
64.45 4.24373 -0.0455889 18.0134 0.00074666
64.5 4.2388 -0.151621 18.0134 0.00074666
64.55 4.22858 -0.257463 18.0134 0.000746657
64.6 4.21307 -0.362983 18.0134 0.00074665
64.65 4.19229 -0.46805 18.0134 0.000746637
64.7 4.16628 -0.572532 18.0134 0.000746616
64.75 4.13505 -0.676298 18.0134 0.000746585
64.8 4.09867 -0.77922 18.0134 0.000746542
64.85 4.05716 -0.881167 18.0134 0.000746486
64.9 4.01058 -0.982013 18.0134 0.000746415
64.95 3.95899 -1.08163 18.0134 0.000746327
65 3.90245 -1.1799 18.0134 0.000746221
65.05 3.84103 -1.27669 18.0134 0.000746095
65.1 3.77482 -1.37189 18.0134 0.000745948
65.15 3.70389 -1.46537 18.0134 0.000745779
65.2 3.62833 -1.55703 18.0134 0.000745587
65.25 3.54823 -1.64673 18.0134 0.000745371
65.3 3.46371 -1.73438 18.0134 0.000745129
65.35 3.37485 -1.81986 18.0134 0.000744862
65.4 3.28178 -1.90307 18.0134 0.000744568
65.45 3.1846 -1.9839 18.0134 0.000744247
65.5 3.08345 -2.06225 18.0134 0.000743898
65.55 2.97844 -2.13802 18.0134 0.000743523
65.6 2.86971 -2.21112 18.0134 0.000743119
65.65 2.7574 -2.28146 18.0134 0.000742688
65.7 2.64164 -2.34895 18.0134 0.00074223
65.75 2.52258 -2.4135 18.0134 0.000741744
65.8 2.40036 -2.47504 18.0133 0.000741232
65.85 2.27515 -2.53348 18.0133 0.000740694
65.9 2.14709 -2.58876 18.0133 0.000740131
65.95 2.01636 -2.6408 18.0133 0.000739544
66 1.8831 -2.68954 18.0133 0.000738933
66.05 1.74749 -2.73492 18.0133 0.0007383
66.1 1.60969 -2.77688 18.0133 0.000737646
66.15 1.46988 -2.81538 18.0133 0.000736972
66.2 1.32824 -2.85035 18.0133 0.00073628
66.25 1.18494 -2.88177 18.0132 0.000735571
66.3 1.04015 -2.90958 18.0132 0.000734847
66.35 0.894071 -2.93376 18.0132 0.000734109
66.4 0.746871 -2.95427 18.0132 0.00073336
66.45 0.598737 -2.97109 18.0132 0.0007326
66.5 0.449855 -2.98419 18.0132 0.000731833
66.55 0.300411 -2.99357 18.0132 0.000731059
66.6 0.150591 -2.99921 18.0131 0.00073028
66.65 0.000583968 -3.00109 18.0131 0.000729499
66.7 -0.149424 -2.99923 18.0131 0.000728718
66.75 -0.299246 -2.99362 18.0131 0.000727938
66.8 -0.448693 -2.98427 18.0131 0.000727162
66.85 -0.59758 -2.97119 18.0131 0.000726391
66.9 -0.745719 -2.9544 18.0131 0.000725627
66.95 -0.892927 -2.93392 18.013 0.000724872
67 -1.03902 -2.90977 18.013 0.000724128
67.05 -1.18381 -2.88198 18.013 0.000723397
67.1 -1.32713 -2.85059 18.013 0.00072268
67.15 -1.46878 -2.81564 18.013 0.000721979
67.2 -1.6086 -2.77717 18.013 0.000721296
67.25 -1.74641 -2.73523 18.013 0.000720632
67.3 -1.88204 -2.68988 18.013 0.000719988
67.35 -2.01532 -2.64116 18.0129 0.000719366
67.4 -2.14607 -2.58914 18.0129 0.000718766
67.45 -2.27415 -2.53389 18.0129 0.000718191
67.5 -2.39938 -2.47547 18.0129 0.00071764
67.55 -2.52162 -2.41395 18.0129 0.000717115
67.6 -2.6407 -2.34942 18.0129 0.000716616
67.65 -2.75649 -2.28196 18.0129 0.000716144
67.7 -2.86883 -2.21164 18.0129 0.000715699
67.75 -2.97758 -2.13856 18.0129 0.000715281
67.8 -3.08262 -2.06281 18.0129 0.000714892
67.85 -3.1838 -1.98447 18.0129 0.000714529
67.9 -3.281 -1.90366 18.0129 0.000714195
67.95 -3.37411 -1.82047 18.0128 0.000713887
68 -3.46299 -1.73501 18.0128 0.000713606
68.05 -3.54755 -1.64738 18.0128 0.000713351
68.1 -3.62768 -1.55769 18.0128 0.000713122
68.15 -3.70327 -1.46605 18.0128 0.000712918
68.2 -3.77424 -1.37258 18.0128 0.000712737
68.25 -3.84049 -1.27739 18.0128 0.00071258
68.3 -3.90194 -1.18061 18.0128 0.000712443
68.35 -3.95851 -1.08236 18.0128 0.000712327
68.4 -4.01014 -0.982749 18.0128 0.000712231
68.45 -4.05676 -0.881912 18.0128 0.000712151
68.5 -4.0983 -0.779974 18.0128 0.000712087
68.55 -4.13473 -0.677061 18.0128 0.000712038
68.6 -4.16599 -0.573301 18.0128 0.000712001
68.65 -4.19204 -0.468826 18.0128 0.000711975
68.7 -4.21286 -0.363764 18.0128 0.000711959
68.75 -4.22841 -0.258248 18.0128 0.000711949
68.8 -4.23867 -0.15241 18.0128 0.000711944
68.85 -4.24364 -0.0463807 18.0128 0.000711943
68.9 -4.24331 0.0597063 18.0128 0.000711943
68.95 -4.23768 0.165719 18.0128 0.000711942
69 -4.22674 0.271524 18.0128 0.000711939
69.05 -4.21053 0.37699 18.0128 0.000711931
69.1 -4.18906 0.481984 18.0128 0.000711917
69.15 -4.16235 0.586377 18.0128 0.000711895
69.2 -4.13044 0.690036 18.0128 0.000711863
69.25 -4.09337 0.792833 18.0128 0.000711818
69.3 -4.05118 0.89464 18.0128 0.00071176
69.35 -4.00393 0.995328 18.0128 0.000711687
69.4 -3.95168 1.09477 18.0128 0.000711596
69.45 -3.89449 1.19285 18.0128 0.000711488
69.5 -3.83243 1.28944 18.0128 0.000711359
69.55 -3.76558 1.38441 18.0128 0.00071121
69.6 -3.69403 1.47766 18.0128 0.000711038
69.65 -3.61786 1.56905 18.0128 0.000710842
69.7 -3.53718 1.65849 18.0128 0.000710623
69.75 -3.45207 1.74586 18.0128 0.000710378
69.8 -3.36264 1.83104 18.0128 0.000710107
69.85 -3.26902 1.91393 18.0128 0.000709809
69.9 -3.17131 1.99444 18.0128 0.000709485
69.95 -3.06964 2.07245 18.0128 0.000709133
70 -2.96413 2.14787 18.0128 0.000708753
70.05 -2.85492 2.22061 18.0128 0.000708346
70.1 -2.74214 2.29057 18.0127 0.000707911
70.15 -2.62593 2.35767 18.0127 0.000707449
70.2 -2.50645 2.42182 18.0127 0.000706961
70.25 -2.38383 2.48295 18.0127 0.000706445
70.3 -2.25823 2.54098 18.0127 0.000705904
70.35 -2.12981 2.59582 18.0127 0.000705338
70.4 -1.99873 2.64743 18.0127 0.000704747
70.45 -1.86515 2.69573 18.0127 0.000704133
70.5 -1.72924 2.74066 18.0127 0.000703497
70.55 -1.59117 2.78216 18.0127 0.000702841
70.6 -1.45111 2.82019 18.0126 0.000702164
70.65 -1.30924 2.85469 18.0126 0.00070147
70.7 -1.16573 2.88563 18.0126 0.000700759
70.75 -1.02076 2.91296 18.0126 0.000700033
70.8 -0.874525 2.93665 18.0126 0.000699294
70.85 -0.727192 2.95667 18.0126 0.000698543
70.9 -0.57895 2.97299 18.0126 0.000697782
70.95 -0.429986 2.9856 18.0125 0.000697013
71 -0.280483 2.99448 18.0125 0.000696239
71.05 -0.130631 2.99962 18.0125 0.00069546
71.1 0.019385 3.00101 18.0125 0.000694679
71.15 0.169377 2.99865 18.0125 0.000693898
71.2 0.319156 2.99254 18.0125 0.000693118
71.25 0.468537 2.98269 18.0125 0.000692342
71.3 0.617333 2.96912 18.0124 0.000691572
71.35 0.765357 2.95184 18.0124 0.000690809
71.4 0.912424 2.93086 18.0124 0.000690056
71.45 1.05835 2.90623 18.0124 0.000689313
71.5 1.20296 2.87796 18.0124 0.000688584
71.55 1.34606 2.84609 18.0124 0.000687869
71.6 1.48748 2.81067 18.0124 0.000687171
71.65 1.62704 2.77174 18.0124 0.00068649
71.7 1.76456 2.72935 18.0123 0.000685828
71.75 1.89989 2.68354 18.0123 0.000685187
71.8 2.03283 2.63438 18.0123 0.000684568
71.85 2.16324 2.58193 18.0123 0.000683972
71.9 2.29095 2.52625 18.0123 0.0006834
71.95 2.41579 2.46741 18.0123 0.000682852
72 2.53761 2.4055 18.0123 0.000682331
72.05 2.65626 2.34057 18.0123 0.000681835
72.1 2.77159 2.27272 18.0123 0.000681367
72.15 2.88346 2.20203 18.0123 0.000680926
72.2 2.99173 2.12859 18.0122 0.000680512
72.25 3.09626 2.05249 18.0122 0.000680126
72.3 3.19691 1.97383 18.0122 0.000679767
72.35 3.29358 1.89269 18.0122 0.000679436
72.4 3.38612 1.8092 18.0122 0.000679132
72.45 3.47444 1.72344 18.0122 0.000678855
72.5 3.55841 1.63553 18.0122 0.000678603
72.55 3.63794 1.54557 18.0122 0.000678378
72.6 3.71292 1.45369 18.0122 0.000678177
72.65 3.78326 1.35998 18.0122 0.000677999
72.7 3.84888 1.26458 18.0122 0.000677844
72.75 3.90968 1.1676 18.0122 0.000677711
72.8 3.9656 1.06916 18.0122 0.000677597
72.85 4.01657 0.96938 18.0122 0.000677503
72.9 4.06251 0.868391 18.0122 0.000677426
72.95 4.10338 0.766317 18.0122 0.000677364
73 4.13912 0.663285 18.0122 0.000677316
73.05 4.16969 0.559425 18.0122 0.000677281
73.1 4.19504 0.454866 18.0122 0.000677257
73.15 4.21516 0.349738 18.0122 0.000677241
73.2 4.23001 0.244173 18.0122 0.000677232
73.25 4.23957 0.138304 18.0122 0.000677228
73.3 4.24383 0.032261 18.0122 0.000677227
73.35 4.24279 -0.0738218 18.0122 0.000677227
73.4 4.23645 -0.179812 18.0122 0.000677226
73.45 4.22482 -0.285578 18.0122 0.000677222
73.5 4.2079 -0.390987 18.0122 0.000677214
73.55 4.18573 -0.495907 18.0122 0.000677199
73.6 4.15833 -0.600208 18.0122 0.000677175
73.65 4.12573 -0.703758 18.0122 0.000677141
73.7 4.08797 -0.806429 18.0122 0.000677095
73.75 4.04511 -0.908093 18.0122 0.000677035
73.8 3.99719 -1.00862 18.0122 0.00067696
73.85 3.94428 -1.10789 18.0122 0.000676867
73.9 3.88644 -1.20577 18.0122 0.000676756
73.95 3.82374 -1.30215 18.0122 0.000676625
74 3.75626 -1.3969 18.0122 0.000676472
74.05 3.68409 -1.4899 18.0122 0.000676297
74.1 3.60732 -1.58105 18.0122 0.000676099
74.15 3.52604 -1.67021 18.0122 0.000675876
74.2 3.44035 -1.75729 18.0122 0.000675627
74.25 3.35037 -1.84217 18.0122 0.000675353
74.3 3.25619 -1.92476 18.0122 0.000675052
74.35 3.15795 -2.00493 18.0121 0.000674723
74.4 3.05576 -2.0826 18.0121 0.000674368
74.45 2.94975 -2.15767 18.0121 0.000673985
74.5 2.84006 -2.23004 18.0121 0.000673574
74.55 2.72682 -2.29963 18.0121 0.000673136
74.6 2.61017 -2.36634 18.0121 0.00067267
74.65 2.49026 -2.43009 18.0121 0.000672178
74.7 2.36724 -2.49081 18.0121 0.000671659
74.75 2.24126 -2.54842 18.0121 0.000671114
74.8 2.11248 -2.60284 18.0121 0.000670545
74.85 1.98105 -2.654 18.0121 0.000669951
74.9 1.84716 -2.70186 18.012 0.000669334
74.95 1.71095 -2.74633 18.012 0.000668695
75 1.57261 -2.78738 18.012 0.000668036
75.05 1.4323 -2.82494 18.012 0.000667357
75.1 1.29021 -2.85897 18.012 0.00066666
75.15 1.1465 -2.88942 18.012 0.000665947
75.2 1.00135 -2.91627 18.012 0.00066522
75.25 0.85496 -2.93947 18.012 0.000664479
75.3 0.707498 -2.959 18.0119 0.000663726
75.35 0.559152 -2.97483 18.0119 0.000662964
75.4 0.410107 -2.98695 18.0119 0.000662195
75.45 0.26055 -2.99533 18.0119 0.00066142
75.5 0.110668 -2.99997 18.0119 0.00066064
75.55 -0.0393529 -3.00086 18.0119 0.000659859
75.6 -0.189324 -2.998 18.0119 0.000659078
75.65 -0.339059 -2.9914 18.0118 0.000658299
75.7 -0.48837 -2.98105 18.0118 0.000657524
75.75 -0.637071 -2.96698 18.0118 0.000656755
75.8 -0.784976 -2.94921 18.0118 0.000655993
75.85 -0.9319 -2.92774 18.0118 0.000655241
75.9 -1.07766 -2.90262 18.0118 0.0006545
75.95 -1.22207 -2.87387 18.0118 0.000653773
76 -1.36496 -2.84154 18.0118 0.00065306
76.05 -1.50614 -2.80565 18.0117 0.000652364
76.1 -1.64543 -2.76625 18.0117 0.000651686
76.15 -1.78267 -2.7234 18.0117 0.000651027
76.2 -1.91769 -2.67714 18.0117 0.000650389
76.25 -2.05031 -2.62754 18.0117 0.000649772
76.3 -2.18036 -2.57466 18.0117 0.000649179
76.35 -2.30769 -2.51856 18.0117 0.00064861
76.4 -2.43214 -2.45931 18.0117 0.000648066
76.45 -2.55354 -2.39698 18.0117 0.000647548
76.5 -2.67176 -2.33167 18.0116 0.000647056
76.55 -2.78664 -2.26344 18.0116 0.000646591
76.6 -2.89803 -2.19238 18.0116 0.000646154
76.65 -3.00581 -2.11858 18.0116 0.000645744
76.7 -3.10983 -2.04213 18.0116 0.000645361
76.75 -3.20996 -1.96313 18.0116 0.000645006
76.8 -3.30608 -1.88168 18.0116 0.000644679
76.85 -3.39807 -1.79788 18.0116 0.000644379
76.9 -3.48581 -1.71183 18.0116 0.000644105
76.95 -3.5692 -1.62364 18.0116 0.000643857
77 -3.64812 -1.53343 18.0116 0.000643635
77.05 -3.72249 -1.44129 18.0116 0.000643437
77.1 -3.79221 -1.34736 18.0116 0.000643262
77.15 -3.85718 -1.25174 18.0116 0.00064311
77.2 -3.91734 -1.15456 18.0116 0.00064298
77.25 -3.9726 -1.05593 18.0116 0.000642869
77.3 -4.0229 -0.955989 18.0116 0.000642777
77.35 -4.06817 -0.85485 18.0116 0.000642702
77.4 -4.10836 -0.752643 18.0116 0.000642642
77.45 -4.14341 -0.649496 18.0116 0.000642596
77.5 -4.17329 -0.545537 18.0116 0.000642563
77.55 -4.19795 -0.440896 18.0116 0.000642539
77.6 -4.21737 -0.335704 18.0116 0.000642524
77.65 -4.23151 -0.230093 18.0116 0.000642516
77.7 -4.24037 -0.124195 18.0116 0.000642513
77.75 -4.24393 -0.018141 18.0116 0.000642512
77.8 -4.24218 0.0879353 18.0116 0.000642512
77.85 -4.23514 0.193902 18.0116 0.000642511
77.9 -4.2228 0.299626 18.0116 0.000642507
77.95 -4.20518 0.404975 18.0116 0.000642497
78 -4.18231 0.509819 18.0116 0.000642481
78.05 -4.15422 0.614025 18.0116 0.000642457
78.1 -4.12093 0.717464 18.0116 0.000642421
78.15 -4.08249 0.820007 18.0116 0.000642373
78.2 -4.03895 0.921525 18.0116 0.000642311
78.25 -3.99037 1.02189 18.0116 0.000642234
78.3 -3.9368 1.12098 18.0116 0.000642139
78.35 -3.87831 1.21867 18.0116 0.000642025
78.4 -3.81497 1.31483 18.0116 0.000641891
78.45 -3.74686 1.40936 18.0116 0.000641735
78.5 -3.67408 1.50212 18.0115 0.000641557
78.55 -3.5967 1.593 18.0115 0.000641356
78.6 -3.51483 1.68189 18.0115 0.000641129
78.65 -3.42856 1.76869 18.0115 0.000640877
78.7 -3.33801 1.85327 18.0115 0.000640599
78.75 -3.24329 1.93553 18.0115 0.000640295
78.8 -3.14452 2.01538 18.0115 0.000639963
78.85 -3.04182 2.09271 18.0115 0.000639604
78.9 -2.93531 2.16742 18.0115 0.000639217
78.95 -2.82514 2.23943 18.0115 0.000638802
79 -2.71144 2.30863 18.0115 0.000638361
79.05 -2.59435 2.37495 18.0115 0.000637891
79.1 -2.47402 2.43831 18.0115 0.000637395
79.15 -2.3506 2.49862 18.0115 0.000636873
79.2 -2.22424 2.5558 18.0115 0.000636325
79.25 -2.0951 2.60979 18.0114 0.000635752
79.3 -1.96334 2.66052 18.0114 0.000635155
79.35 -1.82913 2.70792 18.0114 0.000634536
79.4 -1.69263 2.75195 18.0114 0.000633894
79.45 -1.55402 2.79253 18.0114 0.000633232
79.5 -1.41347 2.82962 18.0114 0.000632551
79.55 -1.27115 2.86318 18.0114 0.000631852
79.6 -1.12724 2.89316 18.0114 0.000631137
79.65 -0.98192 2.91952 18.0113 0.000630407
79.7 -0.835377 2.94223 18.0113 0.000629665
79.75 -0.687789 2.96127 18.0113 0.000628911
79.8 -0.539342 2.97661 18.0113 0.000628148
79.85 -0.390221 2.98823 18.0113 0.000627378
79.9 -0.240612 2.99611 18.0113 0.000626602
79.95 -0.0907032 3.00025 18.0113 0.000625822
80 0.0593192 3.00064 18.0113 0.000625041
80.05 0.209267 2.99729 18.0112 0.00062426
80.1 0.358954 2.99018 18.0112 0.000623482
80.15 0.508192 2.97934 18.0112 0.000622707
80.2 0.656795 2.96478 18.0112 0.000621939
80.25 0.804577 2.94651 18.0112 0.000621178
80.3 0.951354 2.92456 18.0112 0.000620428
80.35 1.09694 2.89895 18.0112 0.000619689
80.4 1.24116 2.86973 18.0111 0.000618963
80.45 1.38382 2.83691 18.0111 0.000618252
80.5 1.52476 2.80056 18.0111 0.000617559
80.55 1.66379 2.7607 18.0111 0.000616883
80.6 1.80075 2.71739 18.0111 0.000616227
80.65 1.93545 2.67069 18.0111 0.000615591
80.7 2.06773 2.62065 18.0111 0.000614978
80.75 2.19743 2.56733 18.0111 0.000614388
80.8 2.32438 2.51081 18.011 0.000613823
80.85 2.44843 2.45114 18.011 0.000613282
80.9 2.56942 2.38842 18.011 0.000612767
80.95 2.6872 2.32271 18.011 0.000612279
81 2.80162 2.2541 18.011 0.000611818
81.05 2.91254 2.18267 18.011 0.000611384
81.1 3.01982 2.10852 18.011 0.000610978
81.15 3.12332 2.03173 18.011 0.000610599
81.2 3.22293 1.9524 18.011 0.000610248
81.25 3.3185 1.87063 18.011 0.000609924
81.3 3.40993 1.78652 18.011 0.000609627
81.35 3.4971 1.70019 18.011 0.000609357
81.4 3.5799 1.61172 18.011 0.000609112
81.45 3.65822 1.52124 18.011 0.000608893
81.5 3.73197 1.42887 18.011 0.000608698
81.55 3.80106 1.3347 18.011 0.000608527
81.6 3.8654 1.23887 18.011 0.000608378
81.65 3.92491 1.14149 18.0109 0.00060825
81.7 3.97952 1.04269 18.0109 0.000608142
81.75 4.02915 0.942578 18.0109 0.000608052
81.8 4.07375 0.841291 18.0109 0.000607979
81.85 4.11325 0.738953 18.0109 0.000607922
81.9 4.14762 0.635692 18.0109 0.000607877
81.95 4.1768 0.531637 18.0109 0.000607845
82 4.20076 0.426917 18.0109 0.000607823
82.05 4.21948 0.321664 18.0109 0.000607809
82.1 4.23292 0.216009 18.0109 0.000607802
82.15 4.24107 0.110084 18.0109 0.000607799
82.2 4.24393 0.00402119 18.0109 0.000607798
82.25 4.24148 -0.102046 18.0109 0.000607798
82.3 4.23372 -0.207986 18.0109 0.000607797
82.35 4.22068 -0.313666 18.0109 0.000607792
82.4 4.20237 -0.418954 18.0109 0.000607782
82.45 4.1788 -0.523719 18.0109 0.000607765
82.5 4.15001 -0.627829 18.0109 0.000607739
82.55 4.11604 -0.731154 18.0109 0.000607702
82.6 4.07692 -0.833566 18.0109 0.000607652
82.65 4.03271 -0.934936 18.0109 0.000607588
82.7 3.98346 -1.03514 18.0109 0.000607508
82.75 3.92923 -1.13405 18.0109 0.000607411
82.8 3.87009 -1.23154 18.0109 0.000607294
82.85 3.80611 -1.32749 18.0109 0.000607158
82.9 3.73738 -1.42178 18.0109 0.000606999
82.95 3.66398 -1.5143 18.0109 0.000606818
83 3.586 -1.60492 18.0109 0.000606613
83.05 3.50353 -1.69354 18.0109 0.000606384
83.1 3.4167 -1.78004 18.0109 0.000606128
83.15 3.32559 -1.86432 18.0109 0.000605847
83.2 3.23032 -1.94627 18.0109 0.000605539
83.25 3.13102 -2.02578 18.0109 0.000605203
83.3 3.02781 -2.10277 18.0109 0.00060484
83.35 2.92081 -2.17713 18.0109 0.00060445
83.4 2.81016 -2.24876 18.0109 0.000604032
83.45 2.696 -2.31759 18.0109 0.000603586
83.5 2.57848 -2.38352 18.0109 0.000603113
83.55 2.45773 -2.44647 18.0108 0.000602614
83.6 2.3339 -2.50636 18.0108 0.000602088
83.65 2.20717 -2.56313 18.0108 0.000601537
83.7 2.07767 -2.61669 18.0108 0.000600961
83.75 1.94558 -2.66698 18.0108 0.000600361
83.8 1.81106 -2.71393 18.0108 0.000599738
83.85 1.67427 -2.7575 18.0108 0.000599094
83.9 1.53539 -2.79762 18.0108 0.000598429
83.95 1.3946 -2.83424 18.0108 0.000597746
84 1.25206 -2.86732 18.0107 0.000597044
84.05 1.10795 -2.89682 18.0107 0.000596327
84.1 0.962466 -2.9227 18.0107 0.000595596
84.15 0.815776 -2.94493 18.0107 0.000594852
84.2 0.668065 -2.96348 18.0107 0.000594097
84.25 0.51952 -2.97832 18.0107 0.000593333
84.3 0.370326 -2.98944 18.0107 0.000592562
84.35 0.22067 -2.99683 18.0107 0.000591785
84.4 0.0707373 -3.00047 18.0106 0.000591005
84.45 -0.0792835 -3.00036 18.0106 0.000590224
84.5 -0.229205 -2.9965 18.0106 0.000589443
84.55 -0.37884 -2.9889 18.0106 0.000588665
84.6 -0.528002 -2.97757 18.0106 0.000587891
84.65 -0.676504 -2.96251 18.0106 0.000587124
84.7 -0.82416 -2.94375 18.0106 0.000586365
84.75 -0.970787 -2.92131 18.0105 0.000585616
84.8 -1.1162 -2.89522 18.0105 0.000584878
84.85 -1.26022 -2.86552 18.0105 0.000584155
84.9 -1.40266 -2.83223 18.0105 0.000583446
84.95 -1.54335 -2.7954 18.0105 0.000582755
85 -1.68212 -2.75508 18.0105 0.000582082
85.05 -1.81878 -2.71132 18.0105 0.000581428
85.1 -1.95316 -2.66417 18.0105 0.000580796
85.15 -2.08511 -2.61369 18.0104 0.000580186
85.2 -2.21445 -2.55995 18.0104 0.000579599
85.25 -2.34102 -2.503 18.0104 0.000579036
85.3 -2.46467 -2.44293 18.0104 0.000578499
85.35 -2.58524 -2.3798 18.0104 0.000577988
85.4 -2.70258 -2.31371 18.0104 0.000577504
85.45 -2.81654 -2.24472 18.0104 0.000577046
85.5 -2.92698 -2.17292 18.0104 0.000576616
85.55 -3.03376 -2.09841 18.0104 0.000576213
85.6 -3.13675 -2.02128 18.0104 0.000575838
85.65 -3.23583 -1.94162 18.0104 0.00057549
85.7 -3.33086 -1.85954 18.0104 0.00057517
85.75 -3.42172 -1.77513 18.0103 0.000574877
85.8 -3.50831 -1.6885 18.0103 0.00057461
85.85 -3.59052 -1.59977 18.0103 0.000574369
85.9 -3.66824 -1.50903 18.0103 0.000574153
85.95 -3.74138 -1.41641 18.0103 0.000573962
86 -3.80984 -1.32202 18.0103 0.000573794
86.05 -3.87354 -1.22598 18.0103 0.000573647
86.1 -3.9324 -1.1284 18.0103 0.000573522
86.15 -3.98634 -1.02942 18.0103 0.000573417
86.2 -4.03531 -0.929146 18.0103 0.000573329
86.25 -4.07923 -0.827714 18.0103 0.000573258
86.3 -4.11805 -0.725248 18.0103 0.000573202
86.35 -4.15173 -0.621875 18.0103 0.00057316
86.4 -4.18022 -0.517726 18.0103 0.000573129
86.45 -4.20349 -0.412929 18.0103 0.000573108
86.5 -4.2215 -0.307617 18.0103 0.000573095
86.55 -4.23424 -0.20192 18.0103 0.000573089
86.6 -4.24169 -0.0959707 18.0103 0.000573086
86.65 -4.24383 0.0100983 18.0103 0.000573086
86.7 -4.24068 0.116155 18.0103 0.000573086
86.75 -4.23222 0.222066 18.0103 0.000573084
86.8 -4.21848 0.327699 18.0103 0.000573079
86.85 -4.19946 0.432923 18.0103 0.000573068
86.9 -4.1752 0.537607 18.0103 0.00057305
86.95 -4.14572 0.641618 18.0103 0.000573022
87 -4.11106 0.744827 18.0103 0.000572983
87.05 -4.07126 0.847106 18.0103 0.000572932
87.1 -4.02637 0.948326 18.0103 0.000572866
87.15 -3.97645 1.04836 18.0103 0.000572784
87.2 -3.92157 1.14709 18.0103 0.000572684
87.25 -3.86178 1.24438 18.0103 0.000572565
87.3 -3.79717 1.34011 18.0103 0.000572425
87.35 -3.72781 1.43418 18.0103 0.000572264
87.4 -3.6538 1.52644 18.0103 0.00057208
87.45 -3.57522 1.61681 18.0103 0.000571872
87.5 -3.49217 1.70515 18.0103 0.000571639
87.55 -3.40475 1.79136 18.0103 0.00057138
87.6 -3.31309 1.87533 18.0103 0.000571095
87.65 -3.21728 1.95696 18.0103 0.000570783
87.7 -3.11745 2.03614 18.0103 0.000570444
87.75 -3.01373 2.11278 18.0103 0.000570078
87.8 -2.90624 2.18678 18.0103 0.000569683
87.85 -2.79512 2.25805 18.0102 0.000569262
87.9 -2.68051 2.32649 18.0102 0.000568812
87.95 -2.56254 2.39203 18.0102 0.000568336
88 -2.44138 2.45458 18.0102 0.000567833
88.05 -2.31716 2.51406 18.0102 0.000567304
88.1 -2.19005 2.5704 18.0102 0.000566749
88.15 -2.0602 2.62352 18.0102 0.00056617
88.2 -1.92778 2.67337 18.0102 0.000565567
88.25 -1.79295 2.71988 18.0102 0.000564941
88.3 -1.65588 2.76299 18.0102 0.000564294
88.35 -1.51674 2.80265 18.0101 0.000563627
88.4 -1.3757 2.8388 18.0101 0.000562941
88.45 -1.23294 2.87141 18.0101 0.000562238
88.5 -1.08865 2.90043 18.0101 0.000561519
88.55 -0.942992 2.92582 18.0101 0.000560785
88.6 -0.796157 2.94756 18.0101 0.00056004
88.65 -0.648328 2.96561 18.0101 0.000559284
88.7 -0.499688 2.97996 18.0101 0.000558519
88.75 -0.350424 2.99059 18.01 0.000557747
88.8 -0.200723 2.99748 18.01 0.00055697
88.85 -0.0507704 3.00062 18.01 0.000556189
88.9 0.0992454 3.00001 18.01 0.000555408
88.95 0.249137 2.99566 18.01 0.000554628
89 0.398717 2.98756 18.01 0.00055385
89.05 0.547799 2.97572 18.01 0.000553077
89.1 0.696197 2.96017 18.0099 0.000552311
89.15 0.843724 2.94092 18.0099 0.000551553
89.2 0.990197 2.918 18.0099 0.000550805
89.25 1.13543 2.89143 18.0099 0.00055007
89.3 1.27925 2.86124 18.0099 0.000549348
89.35 1.42147 2.82748 18.0099 0.000548642
89.4 1.56191 2.79019 18.0099 0.000547952
89.45 1.7004 2.74941 18.0099 0.000547282
89.5 1.83676 2.70519 18.0098 0.000546631
89.55 1.97083 2.6576 18.0098 0.000546002
89.6 2.10244 2.60668 18.0098 0.000545395
89.65 2.23142 2.55251 18.0098 0.000544811
89.7 2.35761 2.49514 18.0098 0.000544252
89.75 2.48086 2.43466 18.0098 0.000543718
89.8 2.601 2.37114 18.0098 0.000543211
89.85 2.7179 2.30465 18.0098 0.00054273
89.9 2.83139 2.23528 18.0098 0.000542276
89.95 2.94135 2.16312 18.0098 0.000541849
90 3.04764 2.08826 18.0097 0.00054145
90.05 3.15012 2.01079 18.0097 0.000541079
90.1 3.24865 1.9308 18.0097 0.000540735
90.15 3.34313 1.8484 18.0097 0.000540418
90.2 3.43344 1.76369 18.0097 0.000540129
90.25 3.51945 1.67678 18.0097 0.000539865
90.3 3.60106 1.58777 18.0097 0.000539628
90.35 3.67818 1.49678 18.0097 0.000539415
90.4 3.75069 1.40392 18.0097 0.000539227
90.45 3.81853 1.30931 18.0097 0.000539062
90.5 3.88158 1.21305 18.0097 0.000538918
90.55 3.93979 1.11529 18.0097 0.000538796
90.6 3.99308 1.01613 18.0097 0.000538693
90.65 4.04137 0.915695 18.0097 0.000538607
90.7 4.08462 0.814119 18.0097 0.000538539
90.75 4.12276 0.711527 18.0097 0.000538485
90.8 4.15575 0.608045 18.0097 0.000538444
90.85 4.18355 0.503804 18.0097 0.000538415
90.9 4.20611 0.398933 18.0097 0.000538395
90.95 4.22343 0.293563 18.0097 0.000538383
91 4.23546 0.187827 18.0097 0.000538377
91.05 4.2422 0.0818561 18.0097 0.000538375
91.1 4.24364 -0.024217 18.0097 0.000538374
91.15 4.23978 -0.13026 18.0097 0.000538374
91.2 4.23062 -0.23614 18.0097 0.000538372
91.25 4.21618 -0.341725 18.0097 0.000538366
91.3 4.19646 -0.446883 18.0097 0.000538355
91.35 4.1715 -0.551482 18.0097 0.000538335
91.4 4.14133 -0.655392 18.0097 0.000538306
91.45 4.10598 -0.758483 18.0097 0.000538266
91.5 4.06551 -0.860627 18.0097 0.000538213
91.55 4.01995 -0.961694 18.0097 0.000538145
91.6 3.96937 -1.06156 18.0097 0.00053806
91.65 3.91382 -1.1601 18.0097 0.000537958
91.7 3.85339 -1.25719 18.0097 0.000537836
91.75 3.78814 -1.35271 18.0097 0.000537694
91.8 3.71816 -1.44654 18.0097 0.00053753
91.85 3.64354 -1.53856 18.0097 0.000537342
91.9 3.56436 -1.62866 18.0097 0.000537131
91.95 3.48072 -1.71672 18.0097 0.000536895
92 3.39274 -1.80264 18.0097 0.000536632
92.05 3.30051 -1.8863 18.0097 0.000536344
92.1 3.20417 -1.96761 18.0096 0.000536028
92.15 3.10381 -2.04646 18.0096 0.000535686
92.2 2.99958 -2.12275 18.0096 0.000535316
92.25 2.89161 -2.19639 18.0096 0.000534918
92.3 2.78001 -2.26728 18.0096 0.000534492
92.35 2.66495 -2.33534 18.0096 0.00053404
92.4 2.54655 -2.40049 18.0096 0.00053356
92.45 2.42498 -2.46263 18.0096 0.000533053
92.5 2.30037 -2.5217 18.0096 0.000532521
92.55 2.17288 -2.57761 18.0096 0.000531963
92.6 2.04269 -2.6303 18.0096 0.00053138
92.65 1.90994 -2.67971 18.0096 0.000530774
92.7 1.7748 -2.72577 18.0095 0.000530146
92.75 1.63744 -2.76842 18.0095 0.000529496
92.8 1.49804 -2.80761 18.0095 0.000528826
92.85 1.35677 -2.8433 18.0095 0.000528138
92.9 1.2138 -2.87543 18.0095 0.000527432
92.95 1.06932 -2.90397 18.0095 0.000526711
93 0.923497 -2.92888 18.0095 0.000525976
93.05 0.776522 -2.95012 18.0095 0.000525229
93.1 0.628576 -2.96769 18.0094 0.000524471
93.15 0.479846 -2.98154 18.0094 0.000523705
93.2 0.330515 -2.99167 18.0094 0.000522933
93.25 0.180772 -2.99806 18.0094 0.000522155
93.3 0.0308032 -3.0007 18.0094 0.000521375
93.35 -0.119204 -2.9996 18.0094 0.000520594
93.4 -0.269063 -2.99474 18.0094 0.000519813
93.45 -0.418585 -2.98615 18.0093 0.000519036
93.5 -0.567584 -2.97382 18.0093 0.000518264
93.55 -0.715874 -2.95777 18.0093 0.000517499
93.6 -0.863269 -2.93803 18.0093 0.000516742
93.65 -1.00959 -2.91462 18.0093 0.000515996
93.7 -1.15464 -2.88757 18.0093 0.000515262
93.75 -1.29825 -2.8569 18.0093 0.000514543
93.8 -1.44024 -2.82267 18.0092 0.000513838
93.85 -1.58043 -2.78491 18.0092 0.000513152
93.9 -1.71865 -2.74367 18.0092 0.000512484
93.95 -1.85471 -2.699 18.0092 0.000511836
94 -1.98846 -2.65096 18.0092 0.000511209
94.05 -2.11973 -2.59961 18.0092 0.000510605
94.1 -2.24834 -2.54501 18.0092 0.000510025
94.15 -2.37415 -2.48723 18.0092 0.000509469
94.2 -2.49699 -2.42634 18.0092 0.000508939
94.25 -2.61671 -2.36241 18.0092 0.000508435
94.3 -2.73315 -2.29554 18.0091 0.000507957
94.35 -2.84619 -2.2258 18.0091 0.000507507
94.4 -2.95566 -2.15327 18.0091 0.000507084
94.45 -3.06145 -2.07806 18.0091 0.000506689
94.5 -3.16341 -2.00025 18.0091 0.000506321
94.55 -3.26141 -1.91994 18.0091 0.000505981
94.6 -3.35534 -1.83723 18.0091 0.000505668
94.65 -3.44508 -1.75222 18.0091 0.000505382
94.7 -3.53051 -1.66503 18.0091 0.000505122
94.75 -3.61153 -1.57575 18.0091 0.000504888
94.8 -3.68803 -1.4845 18.0091 0.000504679
94.85 -3.75993 -1.3914 18.0091 0.000504493
94.9 -3.82713 -1.29657 18.0091 0.000504331
94.95 -3.88955 -1.20011 18.0091 0.000504191
95 -3.9471 -1.10215 18.0091 0.000504071
95.05 -3.99973 -1.00281 18.0091 0.00050397
95.1 -4.04735 -0.902223 18.0091 0.000503887
95.15 -4.08992 -0.800507 18.0091 0.000503821
95.2 -4.12738 -0.69779 18.0091 0.000503769
95.25 -4.15968 -0.594202 18.0091 0.000503729
95.3 -4.18678 -0.489871 18.0091 0.000503702
95.35 -4.20865 -0.384928 18.0091 0.000503683
95.4 -4.22526 -0.279504 18.0091 0.000503672
95.45 -4.23659 -0.173731 18.0091 0.000503666
95.5 -4.24263 -0.0677402 18.0091 0.000503665
95.55 -4.24336 0.0383347 18.0091 0.000503664
95.6 -4.2388 0.144362 18.0091 0.000503664
95.65 -4.22893 0.250208 18.0091 0.000503662
95.7 -4.21378 0.355742 18.0091 0.000503655
95.75 -4.19337 0.460831 18.0091 0.000503642
95.8 -4.16771 0.565345 18.0091 0.000503622
95.85 -4.13685 0.669151 18.0091 0.000503592
95.9 -4.10082 0.772122 18.0091 0.00050355
95.95 -4.05966 0.874128 18.0091 0.000503495
96 -4.01343 0.975041 18.0091 0.000503425
96.05 -3.96219 1.07474 18.0091 0.000503338
96.1 -3.90599 1.17309 18.0091 0.000503233
96.15 -3.84492 1.26997 18.0091 0.000503109
96.2 -3.77904 1.36527 18.0091 0.000502963
96.25 -3.70843 1.45887 18.0091 0.000502796
96.3 -3.6332 1.55064 18.009 0.000502606
96.35 -3.55342 1.64047 18.009 0.000502391
96.4 -3.4692 1.72825 18.009 0.000502151
96.45 -3.38065 1.81387 18.009 0.000501886
96.5 -3.28787 1.89723 18.009 0.000501593
96.55 -3.19098 1.97821 18.009 0.000501274
96.6 -3.09011 2.05673 18.009 0.000500928
96.65 -2.98537 2.13267 18.009 0.000500554
96.7 -2.87691 2.20595 18.009 0.000500153
96.75 -2.76485 2.27647 18.009 0.000499724
96.8 -2.64933 2.34414 18.009 0.000499267
96.85 -2.53051 2.40889 18.009 0.000498784
96.9 -2.40852 2.47063 18.009 0.000498274
96.95 -2.28352 2.52928 18.009 0.000497738
97 -2.15567 2.58477 18.0089 0.000497177
97.05 -2.02513 2.63702 18.0089 0.000496591
97.1 -1.89205 2.68599 18.0089 0.000495982
97.15 -1.75661 2.7316 18.0089 0.000495351
97.2 -1.61898 2.77379 18.0089 0.000494698
97.25 -1.47932 2.81252 18.0089 0.000494026
97.3 -1.33781 2.84773 18.0089 0.000493335
97.35 -1.19464 2.87938 18.0089 0.000492627
97.4 -1.04996 2.90744 18.0089 0.000491904
97.45 -0.903982 2.93186 18.0088 0.000491168
97.5 -0.75687 2.95262 18.0088 0.000490419
97.55 -0.608812 2.96969 18.0088 0.00048966
97.6 -0.459993 2.98305 18.0088 0.000488893
97.65 -0.3106 2.99268 18.0088 0.00048812
97.7 -0.160818 2.99858 18.0088 0.000487342
97.75 -0.0108359 3.00072 18.0088 0.000486561
97.8 0.13916 2.99911 18.0087 0.00048578
97.85 0.288982 2.99376 18.0087 0.000485
97.9 0.438443 2.98467 18.0087 0.000484224
97.95 0.587355 2.97184 18.0087 0.000483452
98 0.735534 2.95531 18.0087 0.000482688
98.05 0.882794 2.93508 18.0087 0.000481933
98.1 1.02895 2.91118 18.0087 0.000481188
98.15 1.17382 2.88364 18.0086 0.000480456
98.2 1.31722 2.8525 18.0086 0.000479739
98.25 1.45898 2.8178 18.0086 0.000479037
98.3 1.59892 2.77958 18.0086 0.000478353
98.35 1.73685 2.73788 18.0086 0.000477687
98.4 1.87262 2.69276 18.0086 0.000477042
98.45 2.00604 2.64427 18.0086 0.000476418
98.5 2.13696 2.59248 18.0086 0.000475818
98.55 2.26521 2.53746 18.0086 0.000475241
98.6 2.39063 2.47926 18.0085 0.000474688
98.65 2.51306 2.41796 18.0085 0.000474161
98.7 2.63235 2.35364 18.0085 0.000473661
98.75 2.74835 2.28638 18.0085 0.000473187
98.8 2.86092 2.21627 18.0085 0.00047274
98.85 2.96991 2.14338 18.0085 0.000472321
98.9 3.07519 2.06781 18.0085 0.000471929
98.95 3.17662 1.98967 18.0085 0.000471565
99 3.27409 1.90903 18.0085 0.000471229
99.05 3.36747 1.82601 18.0085 0.000470919
99.1 3.45664 1.74071 18.0085 0.000470637
99.15 3.54148 1.65323 18.0085 0.000470381
99.2 3.62191 1.56369 18.0085 0.00047015
99.25 3.6978 1.47219 18.0085 0.000469944
99.3 3.76908 1.37886 18.0085 0.000469762
99.35 3.83565 1.2838 18.0085 0.000469602
99.4 3.89742 1.18713 18.0085 0.000469465
99.45 3.95432 1.08898 18.0084 0.000469348
99.5 4.00628 0.989476 18.0084 0.000469249
99.55 4.05324 0.888732 18.0084 0.000469169
99.6 4.09513 0.786877 18.0084 0.000469104
99.65 4.1319 0.684039 18.0084 0.000469054
99.7 4.16351 0.580346 18.0084 0.000469016
99.75 4.18992 0.475928 18.0084 0.00046899
99.8 4.21109 0.370915 18.0084 0.000468972
99.85 4.227 0.265439 18.0084 0.000468962
99.9 4.23763 0.159631 18.0084 0.000468957
99.95 4.24296 0.0536233 18.0084 0.000468956
100 4.24299 -0.0524511 18.0084 0.000468956
