#t         x         v         E        delta_E/E(0)
0 0 3 18 0
0.05 0.15 2.99812 18 3.90625e-07
0.1 0.299813 2.9925 18 7.8125e-07
0.15 0.44925 2.98314 18 1.17188e-06
0.2 0.598126 2.97004 18 1.5625e-06
0.25 0.746254 2.95323 18 1.95313e-06
0.3 0.893449 2.93273 18 2.34375e-06
0.35 1.03953 2.90856 18 2.73438e-06
0.4 1.18431 2.88075 18.0001 3.125e-06
0.45 1.3276 2.84934 18.0001 3.51563e-06
0.5 1.46924 2.81437 18.0001 3.90626e-06
0.55 1.60904 2.77588 18.0001 4.29688e-06
0.6 1.74683 2.73392 18.0001 4.68751e-06
0.65 1.88243 2.68854 18.0001 5.07814e-06
0.7 2.01568 2.6398 18.0001 5.46876e-06
0.75 2.14641 2.58776 18.0001 5.85939e-06
0.8 2.27446 2.53248 18.0001 6.25002e-06
0.85 2.39966 2.47404 18.0001 6.64065e-06
0.9 2.52187 2.4125 18.0001 7.03127e-06
0.95 2.64092 2.34795 18.0001 7.4219e-06
1 2.75666 2.28046 18.0001 7.81253e-06
1.05 2.86896 2.21011 18.0001 8.20316e-06
1.1 2.97767 2.13701 18.0002 8.59379e-06
1.15 3.08266 2.06123 18.0002 8.98441e-06
1.2 3.1838 1.98288 18.0002 9.37504e-06
1.25 3.28095 1.90204 18.0002 9.76567e-06
1.3 3.374 1.81883 18.0002 1.01563e-05
1.35 3.46284 1.73334 18.0002 1.05469e-05
1.4 3.54734 1.64569 18.0002 1.09376e-05
1.45 3.62741 1.55598 18.0002 1.13282e-05
1.5 3.70294 1.46432 18.0002 1.17188e-05
1.55 3.77384 1.37083 18.0002 1.21094e-05
1.6 3.84002 1.27563 18.0002 1.25001e-05
1.65 3.9014 1.17883 18.0002 1.28907e-05
1.7 3.95791 1.08056 18.0002 1.32813e-05
1.75 4.00946 0.980934 18.0002 1.3672e-05
1.8 4.056 0.880085 18.0003 1.40626e-05
1.85 4.09747 0.778135 18.0003 1.44532e-05
1.9 4.13382 0.675211 18.0003 1.48439e-05
1.95 4.16499 0.571444 18.0003 1.52345e-05
2 4.19096 0.466962 18.0003 1.56251e-05
2.05 4.21169 0.361896 18.0003 1.60158e-05
2.1 4.22715 0.256378 18.0003 1.64064e-05
2.15 4.23733 0.150538 18.0003 1.6797e-05
2.2 4.24221 0.0445111 18.0003 1.71876e-05
2.25 4.24178 -0.061572 18.0003 1.75783e-05
2.3 4.23605 -0.167578 18.0003 1.79689e-05
2.35 4.22503 -0.273375 18.0003 1.83595e-05
2.4 4.20872 -0.37883 18.0003 1.87502e-05
2.45 4.18715 -0.483811 18.0003 1.91408e-05
2.5 4.16034 -0.588187 18.0004 1.95314e-05
2.55 4.12833 -0.691828 18.0004 1.99221e-05
2.6 4.09116 -0.794604 18.0004 2.03127e-05
2.65 4.04887 -0.896386 18.0004 2.07033e-05
2.7 4.00152 -0.997048 18.0004 2.1094e-05
2.75 3.94917 -1.09646 18.0004 2.14846e-05
2.8 3.89188 -1.19451 18.0004 2.18752e-05
2.85 3.82972 -1.29106 18.0004 2.22659e-05
2.9 3.76277 -1.38599 18.0004 2.26565e-05
2.95 3.69112 -1.4792 18.0004 2.30471e-05
3 3.61485 -1.57055 18.0004 2.34378e-05
3.05 3.53407 -1.65994 18.0004 2.38284e-05
3.1 3.44886 -1.74725 18.0004 2.4219e-05
3.15 3.35934 -1.83238 18.0004 2.46097e-05
3.2 3.26562 -1.91522 18.0005 2.50003e-05
3.25 3.16782 -1.99566 18.0005 2.53909e-05
3.3 3.06606 -2.07361 18.0005 2.57816e-05
3.35 2.96046 -2.14897 18.0005 2.61722e-05
3.4 2.85116 -2.22164 18.0005 2.65628e-05
3.45 2.7383 -2.29153 18.0005 2.69535e-05
3.5 2.62201 -2.35855 18.0005 2.73441e-05
3.55 2.50245 -2.42263 18.0005 2.77348e-05
3.6 2.37975 -2.48368 18.0005 2.81254e-05
3.65 2.25408 -2.54162 18.0005 2.8516e-05
3.7 2.12559 -2.59638 18.0005 2.89067e-05
3.75 1.99444 -2.6479 18.0005 2.92973e-05
3.8 1.8608 -2.6961 18.0005 2.96879e-05
3.85 1.72483 -2.74094 18.0005 3.00786e-05
3.9 1.58671 -2.78235 18.0005 3.04692e-05
3.95 1.4466 -2.82028 18.0006 3.08598e-05
4 1.30468 -2.85468 18.0006 3.12505e-05
4.05 1.16113 -2.88551 18.0006 3.16411e-05
4.1 1.01613 -2.91274 18.0006 3.20318e-05
4.15 0.869858 -2.93632 18.0006 3.24224e-05
4.2 0.722498 -2.95623 18.0006 3.2813e-05
4.25 0.574235 -2.97244 18.0006 3.32037e-05
4.3 0.425254 -2.98494 18.0006 3.35943e-05
4.35 0.275741 -2.99371 18.0006 3.39849e-05
4.4 0.125884 -2.99873 18.0006 3.43756e-05
4.45 -0.0241317 -3 18.0006 3.47662e-05
4.5 -0.174117 -2.99753 18.0006 3.51569e-05
4.55 -0.323884 -2.9913 18.0006 3.55475e-05
4.6 -0.473247 -2.98133 18.0006 3.59381e-05
4.65 -0.622018 -2.96764 18.0007 3.63288e-05
4.7 -0.770011 -2.95023 18.0007 3.67194e-05
4.75 -0.917041 -2.92914 18.0007 3.71101e-05
4.8 -1.06292 -2.90438 18.0007 3.75007e-05
4.85 -1.20748 -2.87599 18.0007 3.78913e-05
4.9 -1.35052 -2.84401 18.0007 3.8282e-05
4.95 -1.49188 -2.80847 18.0007 3.86726e-05
5 -1.63137 -2.76942 18.0007 3.90633e-05
5.05 -1.76882 -2.7269 18.0007 3.94539e-05
5.1 -1.90406 -2.68098 18.0007 3.98445e-05
5.15 -2.03692 -2.6317 18.0007 4.02352e-05
5.2 -2.16723 -2.57913 18.0007 4.06258e-05
5.25 -2.29484 -2.52334 18.0007 4.10165e-05
5.3 -2.41957 -2.46439 18.0007 4.14071e-05
5.35 -2.54128 -2.40236 18.0008 4.17977e-05
5.4 -2.6598 -2.33733 18.0008 4.21884e-05
5.45 -2.77501 -2.26937 18.0008 4.2579e-05
5.5 -2.88674 -2.19858 18.0008 4.29697e-05
5.55 -2.99487 -2.12504 18.0008 4.33603e-05
5.6 -3.09925 -2.04884 18.0008 4.37509e-05
5.65 -3.19975 -1.97007 18.0008 4.41416e-05
5.7 -3.29626 -1.88885 18.0008 4.45322e-05
5.75 -3.38864 -1.80526 18.0008 4.49229e-05
5.8 -3.47678 -1.71942 18.0008 4.53135e-05
5.85 -3.56058 -1.63142 18.0008 4.57042e-05
5.9 -3.63993 -1.54139 18.0008 4.60948e-05
5.95 -3.71472 -1.44943 18.0008 4.64854e-05
6 -3.78487 -1.35565 18.0008 4.68761e-05
6.05 -3.85029 -1.26018 18.0009 4.72667e-05
6.1 -3.91089 -1.16314 18.0009 4.76574e-05
6.15 -3.9666 -1.06464 18.0009 4.8048e-05
6.2 -4.01736 -0.96481 18.0009 4.84387e-05
6.25 -4.06309 -0.863773 18.0009 4.88293e-05
6.3 -4.10374 -0.761656 18.0009 4.922e-05
6.35 -4.13925 -0.658586 18.0009 4.96106e-05
6.4 -4.1696 -0.554693 18.0009 5.00012e-05
6.45 -4.19472 -0.450107 18.0009 5.03919e-05
6.5 -4.21461 -0.344957 18.0009 5.07825e-05
6.55 -4.22922 -0.239376 18.0009 5.11732e-05
6.6 -4.23855 -0.133496 18.0009 5.15638e-05
6.65 -4.24257 -0.0274492 18.0009 5.19545e-05
6.7 -4.24129 0.0786323 18.0009 5.23451e-05
6.75 -4.23471 0.184616 18.0009 5.27358e-05
6.8 -4.22283 0.290368 18.001 5.31264e-05
6.85 -4.20568 0.395757 18.001 5.3517e-05
6.9 -4.18326 0.500652 18.001 5.39077e-05
6.95 -4.15561 0.60492 18.001 5.42983e-05
7 -4.12277 0.708433 18.001 5.4689e-05
7.05 -4.08477 0.811059 18.001 5.50796e-05
7.1 -4.04167 0.912672 18.001 5.54703e-05
7.15 -3.99351 1.01314 18.001 5.58609e-05
7.2 -3.94035 1.11235 18.001 5.62516e-05
7.25 -3.88227 1.21016 18.001 5.66422e-05
7.3 -3.81934 1.30646 18.001 5.70329e-05
7.35 -3.75163 1.40113 18.001 5.74235e-05
7.4 -3.67923 1.49404 18.001 5.78142e-05
7.45 -3.60223 1.58509 18.001 5.82048e-05
7.5 -3.52072 1.67416 18.0011 5.85955e-05
7.55 -3.43481 1.76113 18.0011 5.89861e-05
7.6 -3.34461 1.8459 18.0011 5.93768e-05
7.65 -3.25022 1.92836 18.0011 5.97674e-05
7.7 -3.15177 2.00841 18.0011 6.0158e-05
7.75 -3.04938 2.08595 18.0011 6.05487e-05
7.8 -2.94318 2.16088 18.0011 6.09393e-05
7.85 -2.8333 2.23311 18.0011 6.133e-05
7.9 -2.71987 2.30254 18.0011 6.17206e-05
7.95 -2.60304 2.3691 18.0011 6.21113e-05
8 -2.48296 2.4327 18.0011 6.25019e-05
8.05 -2.35977 2.49325 18.0011 6.28926e-05
8.1 -2.23364 2.55069 18.0011 6.32832e-05
8.15 -2.10471 2.60493 18.0011 6.36739e-05
8.2 -1.97314 2.65592 18.0012 6.40645e-05
8.25 -1.83912 2.70359 18.0012 6.44552e-05
8.3 -1.70279 2.74788 18.0012 6.48458e-05
8.35 -1.56433 2.78873 18.0012 6.52365e-05
8.4 -1.42391 2.8261 18.0012 6.56271e-05
8.45 -1.28172 2.85993 18.0012 6.60178e-05
8.5 -1.13792 2.89018 18.0012 6.64084e-05
8.55 -0.992701 2.91683 18.0012 6.67991e-05
8.6 -0.84624 2.93982 18.0012 6.71897e-05
8.65 -0.69872 2.95914 18.0012 6.75804e-05
8.7 -0.550326 2.97476 18.0012 6.7971e-05
8.75 -0.401244 2.98666 18.0012 6.83617e-05
8.8 -0.251661 2.99482 18.0012 6.87523e-05
8.85 -0.101762 2.99924 18.0012 6.9143e-05
8.9 0.0482634 2.99991 18.0013 6.95337e-05
8.95 0.198229 2.99683 18.0013 6.99243e-05
9 0.347946 2.99 18.0013 7.0315e-05
9.05 0.497229 2.97943 18.0013 7.07056e-05
9.1 0.64589 2.96514 18.0013 7.10963e-05
9.15 0.793743 2.94714 18.0013 7.14869e-05
9.2 0.940604 2.92545 18.0013 7.18776e-05
9.25 1.08629 2.90011 18.0013 7.22682e-05
9.3 1.23062 2.87114 18.0013 7.26589e-05
9.35 1.3734 2.83858 18.0013 7.30495e-05
9.4 1.51447 2.80247 18.0013 7.34402e-05
9.45 1.65365 2.76286 18.0013 7.38308e-05
9.5 1.79076 2.71979 18.0013 7.42215e-05
9.55 1.92563 2.67332 18.0013 7.46121e-05
9.6 2.05809 2.62351 18.0014 7.50028e-05
9.65 2.18798 2.57042 18.0014 7.53935e-05
9.7 2.31514 2.51411 18.0014 7.57841e-05
9.75 2.43939 2.45466 18.0014 7.61748e-05
9.8 2.5606 2.39214 18.0014 7.65654e-05
9.85 2.67861 2.32663 18.0014 7.69561e-05
9.9 2.79327 2.25821 18.0014 7.73467e-05
9.95 2.90443 2.18697 18.0014 7.77374e-05
10 3.01196 2.11299 18.0014 7.8128e-05
10.05 3.11573 2.03637 18.0014 7.85187e-05
10.1 3.2156 1.95721 18.0014 7.89093e-05
10.15 3.31145 1.87559 18.0014 7.93e-05
10.2 3.40316 1.79163 18.0014 7.96907e-05
10.25 3.49062 1.70544 18.0014 8.00813e-05
10.3 3.57371 1.6171 18.0014 8.0472e-05
10.35 3.65233 1.52675 18.0015 8.08626e-05
10.4 3.72639 1.43449 18.0015 8.12533e-05
10.45 3.79578 1.34043 18.0015 8.16439e-05
10.5 3.86043 1.2447 18.0015 8.20346e-05
10.55 3.92025 1.14741 18.0015 8.24253e-05
10.6 3.97517 1.04869 18.0015 8.28159e-05
10.65 4.02512 0.948653 18.0015 8.32066e-05
10.7 4.07004 0.847432 18.0015 8.35972e-05
10.75 4.10987 0.745152 18.0015 8.39879e-05
10.8 4.14456 0.641939 18.0015 8.43785e-05
10.85 4.17406 0.537924 18.0015 8.47692e-05
10.9 4.19835 0.433236 18.0015 8.51599e-05
10.95 4.21739 0.328007 18.0015 8.55505e-05
11 4.23115 0.222367 18.0015 8.59412e-05
11.05 4.23963 0.116449 18.0016 8.63318e-05
11.1 4.2428 0.0103858 18.0016 8.67225e-05
11.15 4.24067 -0.0956907 18.0016 8.71132e-05
11.2 4.23323 -0.201648 18.0016 8.75038e-05
11.25 4.2205 -0.307352 18.0016 8.78945e-05
11.3 4.2025 -0.412673 18.0016 8.82851e-05
11.35 4.17924 -0.517477 18.0016 8.86758e-05
11.4 4.15075 -0.621635 18.0016 8.90664e-05
11.45 4.11708 -0.725015 18.0016 8.94571e-05
11.5 4.07825 -0.827489 18.0016 8.98478e-05
11.55 4.03433 -0.928928 18.0016 9.02384e-05
11.6 3.98536 -1.02921 18.0016 9.06291e-05
11.65 3.93141 -1.1282 18.0016 9.10197e-05
11.7 3.87254 -1.22578 18.0016 9.14104e-05
11.75 3.80883 -1.32182 18.0017 9.18011e-05
11.8 3.74036 -1.41622 18.0017 9.21917e-05
11.85 3.66721 -1.50884 18.0017 9.25824e-05
11.9 3.58948 -1.59958 18.0017 9.29731e-05
11.95 3.50726 -1.68832 18.0017 9.33637e-05
12 3.42065 -1.77494 18.0017 9.37544e-05
12.05 3.32976 -1.85935 18.0017 9.4145e-05
12.1 3.23472 -1.94143 18.0017 9.45357e-05
12.15 3.13562 -2.02109 18.0017 9.49264e-05
12.2 3.03261 -2.09821 18.0017 9.5317e-05
12.25 2.9258 -2.17272 18.0017 9.57077e-05
12.3 2.81534 -2.24451 18.0017 9.60983e-05
12.35 2.70135 -2.31349 18.0017 9.6489e-05
12.4 2.58399 -2.37957 18.0017 9.68797e-05
12.45 2.4634 -2.44269 18.0018 9.72703e-05
12.5 2.33972 -2.50274 18.0018 9.7661e-05
12.55 2.21312 -2.55967 18.0018 9.80517e-05
12.6 2.08376 -2.6134 18.0018 9.84423e-05
12.65 1.95178 -2.66386 18.0018 9.8833e-05
12.7 1.81737 -2.71099 18.0018 9.92237e-05
12.75 1.68068 -2.75473 18.0018 9.96143e-05
12.8 1.5419 -2.79503 18.0018 0.000100005
12.85 1.40118 -2.83183 18.0018 0.000100396
12.9 1.25872 -2.86509 18.0018 0.000100786
12.95 1.11467 -2.89476 18.0018 0.000101177
13 0.96924 -2.92082 18.0018 0.000101568
13.05 0.822593 -2.94323 18.0018 0.000101958
13.1 0.674917 -2.96195 18.0018 0.000102349
13.15 0.526398 -2.97697 18.0018 0.00010274
13.2 0.37722 -2.98827 18.0019 0.00010313
13.25 0.227571 -2.99584 18.0019 0.000103521
13.3 0.0776368 -2.99965 18.0019 0.000103912
13.35 -0.0723944 -2.99972 18.0019 0.000104302
13.4 -0.222335 -2.99604 18.0019 0.000104693
13.45 -0.371998 -2.9886 18.0019 0.000105084
13.5 -0.521196 -2.97744 18.0019 0.000105474
13.55 -0.669742 -2.96255 18.0019 0.000105865
13.6 -0.81745 -2.94395 18.0019 0.000106256
13.65 -0.964137 -2.92167 18.0019 0.000106646
13.7 -1.10962 -2.89574 18.0019 0.000107037
13.75 -1.25371 -2.86619 18.0019 0.000107428
13.8 -1.39624 -2.83306 18.0019 0.000107818
13.85 -1.53702 -2.79638 18.0019 0.000108209
13.9 -1.67588 -2.75621 18.002 0.0001086
13.95 -1.81264 -2.71259 18.002 0.00010899
14 -1.94714 -2.66558 18.002 0.000109381
14.05 -2.0792 -2.61524 18.002 0.000109772
14.1 -2.20866 -2.56162 18.002 0.000110162
14.15 -2.33536 -2.5048 18.002 0.000110553
14.2 -2.45914 -2.44485 18.002 0.000110944
14.25 -2.57985 -2.38185 18.002 0.000111334
14.3 -2.69733 -2.31586 18.002 0.000111725
14.35 -2.81144 -2.24698 18.002 0.000112116
14.4 -2.92203 -2.17529 18.002 0.000112506
14.45 -3.02897 -2.10088 18.002 0.000112897
14.5 -3.13212 -2.02384 18.002 0.000113288
14.55 -3.23135 -1.94428 18.002 0.000113678
14.6 -3.32655 -1.86228 18.0021 0.000114069
14.65 -3.41758 -1.77795 18.0021 0.00011446
14.7 -3.50434 -1.6914 18.0021 0.00011485
14.75 -3.58672 -1.60273 18.0021 0.000115241
14.8 -3.66462 -1.51206 18.0021 0.000115632
14.85 -3.73793 -1.4195 18.0021 0.000116022
14.9 -3.80657 -1.32517 18.0021 0.000116413
14.95 -3.87045 -1.22918 18.0021 0.000116804
15 -3.92949 -1.13165 18.0021 0.000117194
15.05 -3.98361 -1.0327 18.0021 0.000117585
15.1 -4.03276 -0.932466 18.0021 0.000117976
15.15 -4.07686 -0.831064 18.0021 0.000118366
15.2 -4.11587 -0.728623 18.0021 0.000118757
15.25 -4.14973 -0.625271 18.0021 0.000119148
15.3 -4.17839 -0.521137 18.0022 0.000119538
15.35 -4.20184 -0.416351 18.0022 0.000119929
15.4 -4.22003 -0.311045 18.0022 0.00012032
15.45 -4.23295 -0.20535 18.0022 0.00012071
15.5 -4.24057 -0.0993978 18.0022 0.000121101
15.55 -4.24289 0.0066785 18.0022 0.000121492
15.6 -4.2399 0.112747 18.0022 0.000121882
15.65 -4.23161 0.218674 18.0022 0.000122273
15.7 -4.21804 0.324327 18.0022 0.000122664
15.75 -4.19918 0.429576 18.0022 0.000123054
15.8 -4.17508 0.534287 18.0022 0.000123445
15.85 -4.14576 0.63833 18.0022 0.000123836
15.9 -4.11125 0.741575 18.0022 0.000124226
15.95 -4.0716 0.843892 18.0022 0.000124617
16 -4.02686 0.945155 18.0023 0.000125008
16.05 -3.97709 1.04524 18.0023 0.000125398
16.1 -3.92234 1.14401 18.0023 0.000125789
16.15 -3.86269 1.24135 18.0023 0.00012618
16.2 -3.79821 1.33714 18.0023 0.00012657
16.25 -3.72897 1.43126 18.0023 0.000126961
16.3 -3.65508 1.52359 18.0023 0.000127352
16.35 -3.57662 1.61402 18.0023 0.000127743
16.4 -3.49368 1.70243 18.0023 0.000128133
16.45 -3.40638 1.7887 18.0023 0.000128524
16.5 -3.31481 1.87274 18.0023 0.000128915
16.55 -3.2191 1.95444 18.0023 0.000129305
16.6 -3.11937 2.0337 18.0023 0.000129696
16.65 -3.01573 2.11041 18.0023 0.000130087
16.7 -2.90833 2.18449 18.0023 0.000130477
16.75 -2.79729 2.25583 18.0024 0.000130868
16.8 -2.68275 2.32435 18.0024 0.000131259
16.85 -2.56485 2.38997 18.0024 0.000131649
16.9 -2.44375 2.4526 18.0024 0.00013204
16.95 -2.31959 2.51216 18.0024 0.000132431
17 -2.19254 2.56858 18.0024 0.000132821
17.05 -2.06274 2.62179 18.0024 0.000133212
17.1 -1.93036 2.67172 18.0024 0.000133603
17.15 -1.79557 2.7183 18.0024 0.000133993
17.2 -1.65853 2.76149 18.0024 0.000134384
17.25 -1.51942 2.80123 18.0024 0.000134775
17.3 -1.37841 2.83747 18.0024 0.000135165
17.35 -1.23567 2.87015 18.0024 0.000135556
17.4 -1.09139 2.89925 18.0024 0.000135947
17.45 -0.945746 2.92472 18.0025 0.000136337
17.5 -0.798919 2.94654 18.0025 0.000136728
17.55 -0.651093 2.96467 18.0025 0.000137119
17.6 -0.502452 2.9791 18.0025 0.000137509
17.65 -0.353183 2.98979 18.0025 0.0001379
17.7 -0.203473 2.99676 18.0025 0.000138291
17.75 -0.053508 2.99997 18.0025 0.000138681
17.8 0.096524 2.99943 18.0025 0.000139072
17.85 0.246435 2.99514 18.0025 0.000139463
17.9 0.396038 2.98711 18.0025 0.000139854
17.95 0.545146 2.97534 18.0025 0.000140244
18 0.693573 2.95986 18.0025 0.000140635
18.05 0.841132 2.94067 18.0025 0.000141026
18.1 0.98764 2.9178 18.0025 0.000141416
18.15 1.13291 2.89129 18.0026 0.000141807
18.2 1.27677 2.86116 18.0026 0.000142198
18.25 1.41903 2.82745 18.0026 0.000142588
18.3 1.55951 2.79021 18.0026 0.000142979
18.35 1.69805 2.74947 18.0026 0.00014337
18.4 1.83446 2.7053 18.0026 0.00014376
18.45 1.96858 2.65775 18.0026 0.000144151
18.5 2.10024 2.60688 18.0026 0.000144542
18.55 2.22927 2.55274 18.0026 0.000144932
18.6 2.35551 2.49541 18.0026 0.000145323
18.65 2.47881 2.43497 18.0026 0.000145714
18.7 2.59901 2.37147 18.0026 0.000146104
18.75 2.71596 2.30502 18.0026 0.000146495
18.8 2.82951 2.23568 18.0026 0.000146886
18.85 2.93953 2.16354 18.0027 0.000147276
18.9 3.04587 2.0887 18.0027 0.000147667
18.95 3.1484 2.01125 18.0027 0.000148058
19 3.24699 1.93128 18.0027 0.000148448
19.05 3.34153 1.8489 18.0027 0.000148839
19.1 3.43189 1.76421 18.0027 0.00014923
19.15 3.51795 1.67731 18.0027 0.000149621
19.2 3.59962 1.58831 18.0027 0.000150011
19.25 3.67678 1.49733 18.0027 0.000150402
19.3 3.74935 1.40447 18.0027 0.000150793
19.35 3.81723 1.30986 18.0027 0.000151183
19.4 3.88034 1.21361 18.0027 0.000151574
19.45 3.93859 1.11584 18.0027 0.000151965
19.5 3.99192 1.01668 18.0027 0.000152355
19.55 4.04026 0.916247 18.0027 0.000152746
19.6 4.08355 0.814668 18.0028 0.000153137
19.65 4.12173 0.71207 18.0028 0.000153527
19.7 4.15476 0.608582 18.0028 0.000153918
19.75 4.18259 0.504332 18.0028 0.000154309
19.8 4.20519 0.399452 18.0028 0.000154699
19.85 4.22254 0.294073 18.0028 0.00015509
19.9 4.2346 0.188325 18.0028 0.000155481
19.95 4.24137 0.0823426 18.0028 0.000155871
20 4.24284 -0.0237432 18.0028 0.000156262
20.05 4.239 -0.129799 18.0028 0.000156653
20.1 4.22986 -0.235693 18.0028 0.000157044
20.15 4.21543 -0.341292 18.0028 0.000157434
20.2 4.19573 -0.446465 18.0028 0.000157825
20.25 4.17079 -0.551079 18.0028 0.000158216
20.3 4.14063 -0.655004 18.0029 0.000158606
20.35 4.10529 -0.758111 18.0029 0.000158997
20.4 4.06482 -0.860269 18.0029 0.000159388
20.45 4.01926 -0.961352 18.0029 0.000159778
20.5 3.96868 -1.06123 18.0029 0.000160169
20.55 3.91314 -1.15979 18.0029 0.00016056
20.6 3.85271 -1.25689 18.0029 0.00016095
20.65 3.78745 -1.35242 18.0029 0.000161341
20.7 3.71747 -1.44626 18.0029 0.000161732
20.75 3.64283 -1.5383 18.0029 0.000162122
20.8 3.56364 -1.62841 18.0029 0.000162513
20.85 3.47999 -1.71648 18.0029 0.000162904
20.9 3.39199 -1.80241 18.0029 0.000163295
20.95 3.29975 -1.88608 18.0029 0.000163685
21 3.20339 -1.96739 18.003 0.000164076
21.05 3.10301 -2.04625 18.003 0.000164467
21.1 2.99876 -2.12255 18.003 0.000164857
21.15 2.89076 -2.19619 18.003 0.000165248
21.2 2.77914 -2.26708 18.003 0.000165639
21.25 2.66405 -2.33515 18.003 0.000166029
21.3 2.54563 -2.40029 18.003 0.00016642
21.35 2.42402 -2.46243 18.003 0.000166811
21.4 2.29939 -2.52149 18.003 0.000167201
21.45 2.17188 -2.5774 18.003 0.000167592
21.5 2.04165 -2.63008 18.003 0.000167983
21.55 1.90887 -2.67948 18.003 0.000168374
21.6 1.7737 -2.72553 18.003 0.000168764
21.65 1.63632 -2.76817 18.003 0.000169155
21.7 1.49689 -2.80735 18.0031 0.000169546
21.75 1.35558 -2.84301 18.0031 0.000169936
21.8 1.21259 -2.87513 18.0031 0.000170327
21.85 1.06807 -2.90364 18.0031 0.000170718
21.9 0.922221 -2.92853 18.0031 0.000171108
21.95 0.775218 -2.94976 18.0031 0.000171499
22 0.627246 -2.96729 18.0031 0.00017189
22.05 0.478489 -2.98112 18.0031 0.00017228
22.1 0.329134 -2.99122 18.0031 0.000172671
22.15 0.179368 -2.99758 18.0031 0.000173062
22.2 0.0293766 -3.00019 18.0031 0.000173453
22.25 -0.120651 -2.99905 18.0031 0.000173843
22.3 -0.270528 -2.99416 18.0031 0.000174234
22.35 -0.420067 -2.98552 18.0031 0.000174625
22.4 -0.56908 -2.97315 18.0032 0.000175015
22.45 -0.717383 -2.95707 18.0032 0.000175406
22.5 -0.864788 -2.93729 18.0032 0.000175797
22.55 -1.01111 -2.91383 18.0032 0.000176187
22.6 -1.15617 -2.88673 18.0032 0.000176578
22.65 -1.29979 -2.85602 18.0032 0.000176969
22.7 -1.44177 -2.82174 18.0032 0.000177359
22.75 -1.58196 -2.78394 18.0032 0.00017775
22.8 -1.72017 -2.74265 18.0032 0.000178141
22.85 -1.85623 -2.69793 18.0032 0.000178532
22.9 -1.98996 -2.64984 18.0032 0.000178922
22.95 -2.12121 -2.59843 18.0032 0.000179313
23 -2.24981 -2.54378 18.0032 0.000179704
23.05 -2.37559 -2.48594 18.0032 0.000180094
23.1 -2.4984 -2.425 18.0032 0.000180485
23.15 -2.61809 -2.36102 18.0033 0.000180876
23.2 -2.7345 -2.2941 18.0033 0.000181266
23.25 -2.8475 -2.2243 18.0033 0.000181657
23.3 -2.95694 -2.15172 18.0033 0.000182048
23.35 -3.06267 -2.07645 18.0033 0.000182438
23.4 -3.16458 -1.99859 18.0033 0.000182829
23.45 -3.26253 -1.91823 18.0033 0.00018322
23.5 -3.35641 -1.83546 18.0033 0.000183611
23.55 -3.44608 -1.75041 18.0033 0.000184001
23.6 -3.53145 -1.66316 18.0033 0.000184392
23.65 -3.6124 -1.57383 18.0033 0.000184783
23.7 -3.68883 -1.48254 18.0033 0.000185173
23.75 -3.76065 -1.38939 18.0033 0.000185564
23.8 -3.82777 -1.29451 18.0033 0.000185955
23.85 -3.89011 -1.198 18.0034 0.000186345
23.9 -3.94757 -1.1 18.0034 0.000186736
23.95 -4.00011 -1.00063 18.0034 0.000187127
24 -4.04764 -0.899998 18.0034 0.000187518
24.05 -4.09011 -0.798245 18.0034 0.000187908
24.1 -4.12746 -0.695493 18.0034 0.000188299
24.15 -4.15966 -0.591872 18.0034 0.00018869
24.2 -4.18665 -0.487511 18.0034 0.00018908
24.25 -4.20841 -0.38254 18.0034 0.000189471
24.3 -4.22491 -0.27709 18.0034 0.000189862
24.35 -4.23612 -0.171294 18.0034 0.000190252
24.4 -4.24204 -0.0652841 18.0034 0.000190643
24.45 -4.24265 0.0408077 18.0034 0.000191034
24.5 -4.23796 0.146849 18.0034 0.000191425
24.55 -4.22797 0.252706 18.0035 0.000191815
24.6 -4.21269 0.358247 18.0035 0.000192206
24.65 -4.19215 0.46334 18.0035 0.000192597
24.7 -4.16636 0.567855 18.0035 0.000192987
24.75 -4.13536 0.671659 18.0035 0.000193378
24.8 -4.0992 0.774623 18.0035 0.000193769
24.85 -4.0579 0.876619 18.0035 0.000194159
24.9 -4.01154 0.977518 18.0035 0.00019455
24.95 -3.96015 1.0772 18.0035 0.000194941
25 -3.90382 1.17553 18.0035 0.000195332
25.05 -3.8426 1.27239 18.0035 0.000195722
25.1 -3.77658 1.36766 18.0035 0.000196113
25.15 -3.70584 1.46122 18.0035 0.000196504
25.2 -3.63046 1.55295 18.0035 0.000196894
25.25 -3.55054 1.64274 18.0036 0.000197285
25.3 -3.46619 1.73048 18.0036 0.000197676
25.35 -3.3775 1.81605 18.0036 0.000198066
25.4 -3.28458 1.89935 18.0036 0.000198457
25.45 -3.18756 1.98028 18.0036 0.000198848
25.5 -3.08656 2.05873 18.0036 0.000199239
25.55 -2.98169 2.13461 18.0036 0.000199629
25.6 -2.8731 2.20782 18.0036 0.00020002
25.65 -2.76091 2.27826 18.0036 0.000200411
25.7 -2.64527 2.34586 18.0036 0.000200801
25.75 -2.52633 2.41053 18.0036 0.000201192
25.8 -2.40422 2.47218 18.0036 0.000201583
25.85 -2.27911 2.53074 18.0036 0.000201973
25.9 -2.15115 2.58614 18.0036 0.000202364
25.95 -2.0205 2.6383 18.0036 0.000202755
26 -1.88732 2.68716 18.0037 0.000203146
26.05 -1.75178 2.73267 18.0037 0.000203536
26.1 -1.61405 2.77475 18.0037 0.000203927
26.15 -1.47431 2.81337 18.0037 0.000204318
26.2 -1.33272 2.84847 18.0037 0.000204708
26.25 -1.18946 2.88001 18.0037 0.000205099
26.3 -1.04472 2.90794 18.0037 0.00020549
26.35 -0.898666 2.93224 18.0037 0.000205881
26.4 -0.751492 2.95288 18.0037 0.000206271
26.45 -0.603378 2.96982 18.0037 0.000206662
26.5 -0.45451 2.98305 18.0037 0.000207053
26.55 -0.305074 2.99255 18.0037 0.000207443
26.6 -0.155256 2.9983 18.0037 0.000207834
26.65 -0.00524343 3.00031 18.0037 0.000208225
26.7 0.144775 2.99857 18.0038 0.000208615
26.75 0.294613 2.99307 18.0038 0.000209006
26.8 0.444083 2.98384 18.0038 0.000209397
26.85 0.592997 2.97087 18.0038 0.000209788
26.9 0.74117 2.95419 18.0038 0.000210178
26.95 0.888416 2.93381 18.0038 0.000210569
27 1.03455 2.90977 18.0038 0.00021096
27.05 1.17939 2.88209 18.0038 0.00021135
27.1 1.32276 2.8508 18.0038 0.000211741
27.15 1.46447 2.81595 18.0038 0.000212132
27.2 1.60436 2.77758 18.0038 0.000212523
27.25 1.74223 2.73573 18.0038 0.000212913
27.3 1.87793 2.69047 18.0038 0.000213304
27.35 2.01128 2.64184 18.0038 0.000213695
27.4 2.14211 2.5899 18.0039 0.000214085
27.45 2.27027 2.53473 18.0039 0.000214476
27.5 2.39559 2.47639 18.0039 0.000214867
27.55 2.51791 2.41495 18.0039 0.000215257
27.6 2.63708 2.3505 18.0039 0.000215648
27.65 2.75296 2.2831 18.0039 0.000216039
27.7 2.8654 2.21285 18.0039 0.00021643
27.75 2.97425 2.13983 18.0039 0.00021682
27.8 3.07938 2.06414 18.0039 0.000217211
27.85 3.18066 1.98586 18.0039 0.000217602
27.9 3.27797 1.90511 18.0039 0.000217992
27.95 3.37117 1.82197 18.0039 0.000218383
28 3.46016 1.73655 18.0039 0.000218774
28.05 3.54483 1.64896 18.0039 0.000219165
28.1 3.62506 1.55931 18.004 0.000219555
28.15 3.70076 1.46771 18.004 0.000219946
28.2 3.77183 1.37427 18.004 0.000220337
28.25 3.83819 1.27911 18.004 0.000220727
28.3 3.89975 1.18236 18.004 0.000221118
28.35 3.95643 1.08413 18.004 0.000221509
28.4 4.00816 0.98454 18.004 0.0002219
28.45 4.05488 0.88372 18.004 0.00022229
28.5 4.09654 0.781796 18.004 0.000222681
28.55 4.13306 0.678894 18.004 0.000223072
28.6 4.16443 0.575143 18.004 0.000223462
28.65 4.19058 0.470673 18.004 0.000223853
28.7 4.21149 0.365614 18.004 0.000224244
28.75 4.22714 0.260098 18.004 0.000224635
28.8 4.23751 0.154257 18.0041 0.000225025
28.85 4.24257 0.048223 18.0041 0.000225416
28.9 4.24233 -0.0578715 18.0041 0.000225807
28.95 4.23679 -0.163894 18.0041 0.000226197
29 4.22594 -0.269711 18.0041 0.000226588
29.05 4.20982 -0.375191 18.0041 0.000226979
29.1 4.18843 -0.480202 18.0041 0.00022737
29.15 4.1618 -0.584612 18.0041 0.00022776
29.2 4.12997 -0.688292 18.0041 0.000228151
29.25 4.09297 -0.791111 18.0041 0.000228542
29.3 4.05086 -0.89294 18.0041 0.000228932
29.35 4.00368 -0.993654 18.0041 0.000229323
29.4 3.95149 -1.09312 18.0041 0.000229714
29.45 3.89437 -1.19123 18.0041 0.000230105
29.5 3.83237 -1.28784 18.0041 0.000230495
29.55 3.76558 -1.38285 18.0042 0.000230886
29.6 3.69409 -1.47612 18.0042 0.000231277
29.65 3.61797 -1.56755 18.0042 0.000231667
29.7 3.53733 -1.65702 18.0042 0.000232058
29.75 3.45227 -1.74442 18.0042 0.000232449
29.8 3.36289 -1.82964 18.0042 0.00023284
29.85 3.26931 -1.91257 18.0042 0.00023323
29.9 3.17164 -1.9931 18.0042 0.000233621
29.95 3.07 -2.07115 18.0042 0.000234012
30 2.96452 -2.1466 18.0042 0.000234402
30.05 2.85534 -2.21938 18.0042 0.000234793
30.1 2.74259 -2.28937 18.0042 0.000235184
30.15 2.62641 -2.35651 18.0042 0.000235575
30.2 2.50694 -2.42069 18.0042 0.000235965
30.25 2.38434 -2.48185 18.0043 0.000236356
30.3 2.25875 -2.53991 18.0043 0.000236747
30.35 2.13035 -2.59479 18.0043 0.000237137
30.4 1.99928 -2.64643 18.0043 0.000237528
30.45 1.86571 -2.69476 18.0043 0.000237919
30.5 1.7298 -2.73972 18.0043 0.00023831
30.55 1.59173 -2.78125 18.0043 0.0002387
30.6 1.45168 -2.8193 18.0043 0.000239091
30.65 1.3098 -2.85383 18.0043 0.000239482
30.7 1.16629 -2.88479 18.0043 0.000239872
30.75 1.02133 -2.91215 18.0043 0.000240263
30.8 0.87508 -2.93586 18.0043 0.000240654
30.85 0.72774 -2.9559 18.0043 0.000241045
30.9 0.57949 -2.97225 18.0043 0.000241435
30.95 0.430515 -2.98488 18.0044 0.000241826
31 0.281002 -2.99378 18.0044 0.000242217
31.05 0.131138 -2.99893 18.0044 0.000242608
31.1 -0.0188907 -3.00033 18.0044 0.000242998
31.15 -0.168896 -2.99799 18.0044 0.000243389
31.2 -0.318689 -2.99189 18.0044 0.00024378
31.25 -0.468085 -2.98205 18.0044 0.00024417
31.3 -0.616895 -2.96849 18.0044 0.000244561
31.35 -0.764934 -2.95121 18.0044 0.000244952
31.4 -0.912016 -2.93024 18.0044 0.000245343
31.45 -1.05796 -2.90561 18.0044 0.000245733
31.5 -1.20258 -2.87735 18.0044 0.000246124
31.55 -1.34569 -2.84548 18.0044 0.000246515
31.6 -1.48713 -2.81006 18.0044 0.000246905
31.65 -1.6267 -2.77113 18.0045 0.000247296
31.7 -1.76424 -2.72873 18.0045 0.000247687
31.75 -1.89957 -2.68292 18.0045 0.000248078
31.8 -2.03253 -2.63375 18.0045 0.000248468
31.85 -2.16295 -2.58129 18.0045 0.000248859
31.9 -2.29066 -2.5256 18.0045 0.00024925
31.95 -2.41551 -2.46676 18.0045 0.00024964
32 -2.53734 -2.40483 18.0045 0.000250031
32.05 -2.65599 -2.33989 18.0045 0.000250422
32.1 -2.77133 -2.27203 18.0045 0.000250813
32.15 -2.8832 -2.20133 18.0045 0.000251203
32.2 -2.99146 -2.12787 18.0045 0.000251594
32.25 -3.09599 -2.05176 18.0045 0.000251985
32.3 -3.19664 -1.97307 18.0045 0.000252376
32.35 -3.2933 -1.89192 18.0045 0.000252766
32.4 -3.38583 -1.80841 18.0046 0.000253157
32.45 -3.47414 -1.72263 18.0046 0.000253548
32.5 -3.5581 -1.6347 18.0046 0.000253938
32.55 -3.63761 -1.54473 18.0046 0.000254329
32.6 -3.71257 -1.45282 18.0046 0.00025472
32.65 -3.78289 -1.3591 18.0046 0.000255111
32.7 -3.84848 -1.26368 18.0046 0.000255501
32.75 -3.90926 -1.16668 18.0046 0.000255892
32.8 -3.96515 -1.06822 18.0046 0.000256283
32.85 -4.01609 -0.96842 18.0046 0.000256674
32.9 -4.062 -0.867413 18.0046 0.000257064
32.95 -4.10283 -0.765321 18.0046 0.000257455
33 -4.13853 -0.662272 18.0046 0.000257846
33.05 -4.16906 -0.558394 18.0046 0.000258236
33.1 -4.19437 -0.453819 18.0047 0.000258627
33.15 -4.21444 -0.348676 18.0047 0.000259018
33.2 -4.22924 -0.243097 18.0047 0.000259409
33.25 -4.23875 -0.137214 18.0047 0.000259799
33.3 -4.24296 -0.0311596 18.0047 0.00026019
33.35 -4.24187 0.0749339 18.0047 0.000260581
33.4 -4.23547 0.180934 18.0047 0.000260971
33.45 -4.22378 0.286708 18.0047 0.000261362
33.5 -4.2068 0.392123 18.0047 0.000261753
33.55 -4.18457 0.497048 18.0047 0.000262144
33.6 -4.1571 0.601351 18.0047 0.000262534
33.65 -4.12443 0.704903 18.0047 0.000262925
33.7 -4.08661 0.807573 18.0047 0.000263316
33.75 -4.04368 0.909234 18.0047 0.000263707
33.8 -3.99569 1.00976 18.0048 0.000264097
33.85 -3.9427 1.10902 18.0048 0.000264488
33.9 -3.88479 1.20689 18.0048 0.000264879
33.95 -3.82202 1.30326 18.0048 0.00026527
34 -3.75446 1.39799 18.0048 0.00026566
34.05 -3.68222 1.49098 18.0048 0.000266051
34.1 -3.60537 1.58211 18.0048 0.000266442
34.15 -3.52401 1.67125 18.0048 0.000266832
34.2 -3.43824 1.75831 18.0048 0.000267223
34.25 -3.34818 1.84316 18.0048 0.000267614
34.3 -3.25393 1.92572 18.0048 0.000268005
34.35 -3.15561 2.00586 18.0048 0.000268395
34.4 -3.05334 2.0835 18.0048 0.000268786
34.45 -2.94726 2.15853 18.0048 0.000269177
34.5 -2.83749 2.23086 18.0049 0.000269568
34.55 -2.72418 2.3004 18.0049 0.000269958
34.6 -2.60745 2.36707 18.0049 0.000270349
34.65 -2.48747 2.43078 18.0049 0.00027074
34.7 -2.36438 2.49145 18.0049 0.00027113
34.75 -2.23833 2.549 18.0049 0.000271521
34.8 -2.10948 2.60336 18.0049 0.000271912
34.85 -1.97799 2.65447 18.0049 0.000272303
34.9 -1.84403 2.70226 18.0049 0.000272693
34.95 -1.70777 2.74668 18.0049 0.000273084
35 -1.56936 2.78765 18.0049 0.000273475
35.05 -1.429 2.82514 18.0049 0.000273866
35.1 -1.28685 2.8591 18.0049 0.000274256
35.15 -1.14309 2.88949 18.0049 0.000274647
35.2 -0.997902 2.91626 18.005 0.000275038
35.25 -0.851465 2.93938 18.005 0.000275428
35.3 -0.703964 2.95883 18.005 0.000275819
35.35 -0.555582 2.97458 18.005 0.00027621
35.4 -0.406506 2.98661 18.005 0.000276601
35.45 -0.256921 2.99491 18.005 0.000276991
35.5 -0.107015 2.99946 18.005 0.000277382
35.55 0.0430251 3.00026 18.005 0.000277773
35.6 0.193011 2.99731 18.005 0.000278164
35.65 0.342756 2.99061 18.005 0.000278554
35.7 0.492073 2.98017 18.005 0.000278945
35.75 0.640774 2.96601 18.005 0.000279336
35.8 0.788674 2.94814 18.005 0.000279727
35.85 0.935588 2.92658 18.005 0.000280117
35.9 1.08133 2.90136 18.005 0.000280508
35.95 1.22572 2.87251 18.0051 0.000280899
36 1.36858 2.84007 18.0051 0.000281289
36.05 1.50973 2.80408 18.0051 0.00028168
36.1 1.64899 2.76459 18.0051 0.000282071
36.15 1.78619 2.72164 18.0051 0.000282462
36.2 1.92116 2.67528 18.0051 0.000282852
36.25 2.05372 2.62558 18.0051 0.000283243
36.3 2.18372 2.5726 18.0051 0.000283634
36.35 2.31098 2.51639 18.0051 0.000284025
36.4 2.43536 2.45705 18.0051 0.000284415
36.45 2.55669 2.39463 18.0051 0.000284806
36.5 2.67482 2.32921 18.0051 0.000285197
36.55 2.78961 2.26089 18.0051 0.000285588
36.6 2.90091 2.18973 18.0051 0.000285978
36.65 3.00858 2.11584 18.0052 0.000286369
36.7 3.11249 2.03931 18.0052 0.00028676
36.75 3.21251 1.96022 18.0052 0.000287151
36.8 3.30852 1.87868 18.0052 0.000287541
36.85 3.40038 1.79479 18.0052 0.000287932
36.9 3.488 1.70866 18.0052 0.000288323
36.95 3.57125 1.62039 18.0052 0.000288713
37 3.65004 1.5301 18.0052 0.000289104
37.05 3.72426 1.43789 18.0052 0.000289495
37.1 3.79383 1.34389 18.0052 0.000289886
37.15 3.85865 1.2482 18.0052 0.000290276
37.2 3.91865 1.15096 18.0052 0.000290667
37.25 3.97375 1.05227 18.0052 0.000291058
37.3 4.02388 0.952269 18.0052 0.000291449
37.35 4.06898 0.851077 18.0053 0.000291839
37.4 4.10899 0.74882 18.0053 0.00029223
37.45 4.14386 0.645627 18.0053 0.000292621
37.5 4.17355 0.541627 18.0053 0.000293012
37.55 4.19803 0.43695 18.0053 0.000293402
37.6 4.21725 0.331726 18.0053 0.000293793
37.65 4.2312 0.226088 18.0053 0.000294184
37.7 4.23986 0.120166 18.0053 0.000294575
37.75 4.24322 0.0140947 18.0053 0.000294965
37.8 4.24127 -0.0919946 18.0053 0.000295356
37.85 4.23402 -0.197969 18.0053 0.000295747
37.9 4.22148 -0.303696 18.0053 0.000296138
37.95 4.20365 -0.409043 18.0053 0.000296528
38 4.18057 -0.513879 18.0053 0.000296919
38.05 4.15227 -0.618072 18.0054 0.00029731
38.1 4.11877 -0.721492 18.0054 0.0002977
38.15 4.08012 -0.82401 18.0054 0.000298091
38.2 4.03637 -0.925498 18.0054 0.000298482
38.25 3.98757 -1.02583 18.0054 0.000298873
38.3 3.93379 -1.12488 18.0054 0.000299263
38.35 3.87509 -1.22252 18.0054 0.000299654
38.4 3.81154 -1.31863 18.0054 0.000300045
38.45 3.74322 -1.4131 18.0054 0.000300436
38.5 3.67023 -1.50579 18.0054 0.000300826
38.55 3.59265 -1.59661 18.0054 0.000301217
38.6 3.51057 -1.68543 18.0054 0.000301608
38.65 3.4241 -1.77214 18.0054 0.000301999
38.7 3.33336 -1.85663 18.0054 0.000302389
38.75 3.23844 -1.93881 18.0055 0.00030278
38.8 3.13948 -2.01856 18.0055 0.000303171
38.85 3.03659 -2.09578 18.0055 0.000303562
38.9 2.9299 -2.17039 18.0055 0.000303952
38.95 2.81955 -2.24228 18.0055 0.000304343
39 2.70568 -2.31136 18.0055 0.000304734
39.05 2.58842 -2.37756 18.0055 0.000305125
39.1 2.46792 -2.44079 18.0055 0.000305515
39.15 2.34434 -2.50096 18.0055 0.000305906
39.2 2.21783 -2.558 18.0055 0.000306297
39.25 2.08854 -2.61185 18.0055 0.000306688
39.3 1.95664 -2.66243 18.0055 0.000307078
39.35 1.8223 -2.70968 18.0055 0.000307469
39.4 1.68567 -2.75355 18.0055 0.00030786
39.45 1.54694 -2.79397 18.0055 0.000308251
39.5 1.40628 -2.8309 18.0056 0.000308641
39.55 1.26385 -2.86428 18.0056 0.000309032
39.6 1.11985 -2.89409 18.0056 0.000309423
39.65 0.974445 -2.92028 18.0056 0.000309814
39.7 0.827822 -2.94281 18.0056 0.000310204
39.75 0.680164 -2.96167 18.0056 0.000310595
39.8 0.531656 -2.97682 18.0056 0.000310986
39.85 0.382482 -2.98825 18.0056 0.000311377
39.9 0.232831 -2.99595 18.0056 0.000311767
39.95 0.0828876 -2.9999 18.0056 0.000312158
40 -0.067159 -3.00009 18.0056 0.000312549
40.05 -0.217122 -2.99654 18.0056 0.00031294
40.1 -0.366813 -2.98924 18.0056 0.00031333
40.15 -0.516046 -2.9782 18.0056 0.000313721
40.2 -0.664633 -2.96344 18.0057 0.000314112
40.25 -0.812389 -2.94497 18.0057 0.000314503
40.3 -0.95913 -2.92282 18.0057 0.000314893
40.35 -1.10467 -2.89701 18.0057 0.000315284
40.4 -1.24883 -2.86759 18.0057 0.000315675
40.45 -1.39143 -2.83457 18.0057 0.000316066
40.5 -1.53229 -2.79802 18.0057 0.000316456
40.55 -1.67123 -2.75796 18.0057 0.000316847
40.6 -1.80809 -2.71446 18.0057 0.000317238
40.65 -1.94268 -2.66756 18.0057 0.000317628
40.7 -2.07484 -2.61732 18.0057 0.000318019
40.75 -2.20441 -2.56382 18.0057 0.00031841
40.8 -2.33122 -2.5071 18.0057 0.000318801
40.85 -2.45512 -2.44726 18.0057 0.000319191
40.9 -2.57595 -2.38435 18.0058 0.000319582
40.95 -2.69356 -2.31846 18.0058 0.000319973
41 -2.8078 -2.24967 18.0058 0.000320364
41.05 -2.91853 -2.17807 18.0058 0.000320754
41.1 -3.02561 -2.10375 18.0058 0.000321145
41.15 -3.1289 -2.02679 18.0058 0.000321536
41.2 -3.22829 -1.9473 18.0058 0.000321927
41.25 -3.32363 -1.86538 18.0058 0.000322317
41.3 -3.41483 -1.78112 18.0058 0.000322708
41.35 -3.50175 -1.69464 18.0058 0.000323099
41.4 -3.58429 -1.60603 18.0058 0.00032349
41.45 -3.66235 -1.51542 18.0058 0.00032388
41.5 -3.73583 -1.42292 18.0058 0.000324271
41.55 -3.80464 -1.32863 18.0058 0.000324662
41.6 -3.8687 -1.23268 18.0059 0.000325053
41.65 -3.92791 -1.1352 18.0059 0.000325444
41.7 -3.98222 -1.03629 18.0059 0.000325834
41.75 -4.03155 -0.936086 18.0059 0.000326225
41.8 -4.07583 -0.834712 18.0059 0.000326616
41.85 -4.11502 -0.732295 18.0059 0.000327007
41.9 -4.14906 -0.628962 18.0059 0.000327397
41.95 -4.17792 -0.524842 18.0059 0.000327788
42 -4.20155 -0.420066 18.0059 0.000328179
42.05 -4.21992 -0.314765 18.0059 0.00032857
42.1 -4.23302 -0.20907 18.0059 0.00032896
42.15 -4.24083 -0.103114 18.0059 0.000329351
42.2 -4.24334 0.0029713 18.0059 0.000329742
42.25 -4.24054 0.109053 18.0059 0.000330133
42.3 -4.23243 0.214998 18.0059 0.000330523
42.35 -4.21904 0.320675 18.006 0.000330914
42.4 -4.20037 0.42595 18.006 0.000331305
42.45 -4.17645 0.530693 18.006 0.000331696
42.5 -4.1473 0.634773 18.006 0.000332086
42.55 -4.11297 0.738058 18.006 0.000332477
42.6 -4.0735 0.840421 18.006 0.000332868
42.65 -4.02893 0.941734 18.006 0.000333259
42.7 -3.97932 1.04187 18.006 0.000333649
42.75 -3.92474 1.1407 18.006 0.00033404
42.8 -3.86526 1.23811 18.006 0.000334431
42.85 -3.80094 1.33396 18.006 0.000334822
42.9 -3.73186 1.42815 18.006 0.000335212
42.95 -3.65812 1.52056 18.006 0.000335603
43 -3.57981 1.61106 18.006 0.000335994
43.05 -3.49702 1.69955 18.0061 0.000336385
43.1 -3.40985 1.78591 18.0061 0.000336775
43.15 -3.31843 1.87004 18.0061 0.000337166
43.2 -3.22285 1.95183 18.0061 0.000337557
43.25 -3.12325 2.03118 18.0061 0.000337948
43.3 -3.01973 2.108 18.0061 0.000338338
43.35 -2.91245 2.18217 18.0061 0.000338729
43.4 -2.80152 2.25362 18.0061 0.00033912
43.45 -2.68709 2.32225 18.0061 0.000339511
43.5 -2.56929 2.38797 18.0061 0.000339901
43.55 -2.44829 2.45071 18.0061 0.000340292
43.6 -2.32422 2.51039 18.0061 0.000340683
43.65 -2.19725 2.56693 18.0061 0.000341074
43.7 -2.06753 2.62025 18.0061 0.000341464
43.75 -1.93523 2.6703 18.0062 0.000341855
43.8 -1.8005 2.71702 18.0062 0.000342246
43.85 -1.66353 2.76033 18.0062 0.000342637
43.9 -1.52447 2.80019 18.0062 0.000343028
43.95 -1.38351 2.83656 18.0062 0.000343418
44 -1.24082 2.86937 18.0062 0.000343809
44.05 -1.09657 2.8986 18.0062 0.0003442
44.1 -0.950956 2.9242 18.0062 0.000344591
44.15 -0.804152 2.94615 18.0062 0.000344981
44.2 -0.656342 2.96441 18.0062 0.000345372
44.25 -0.507711 2.97896 18.0062 0.000345763
44.3 -0.358445 2.98979 18.0062 0.000346154
44.35 -0.208732 2.99689 18.0062 0.000346544
44.4 -0.0587569 3.00023 18.0062 0.000346935
44.45 0.0912915 2.99983 18.0063 0.000347326
44.5 0.241226 2.99567 18.0063 0.000347717
44.55 0.390858 2.98777 18.0063 0.000348107
44.6 0.540002 2.97613 18.0063 0.000348498
44.65 0.688471 2.96077 18.0063 0.000348889
44.7 0.836079 2.94171 18.0063 0.00034928
44.75 0.982642 2.91896 18.0063 0.00034967
44.8 1.12798 2.89257 18.0063 0.000350061
44.85 1.2719 2.86257 18.0063 0.000350452
44.9 1.41423 2.82898 18.0063 0.000350843
44.95 1.5548 2.79186 18.0063 0.000351233
45 1.69342 2.75124 18.0063 0.000351624
45.05 1.82992 2.70719 18.0063 0.000352015
45.1 1.96414 2.65975 18.0063 0.000352406
45.15 2.0959 2.60898 18.0064 0.000352797
45.2 2.22504 2.55495 18.0064 0.000353187
45.25 2.35139 2.49773 18.0064 0.000353578
45.3 2.47481 2.43738 18.0064 0.000353969
45.35 2.59513 2.37399 18.0064 0.00035436
45.4 2.71221 2.30763 18.0064 0.00035475
45.45 2.8259 2.23838 18.0064 0.000355141
45.5 2.93605 2.16633 18.0064 0.000355532
45.55 3.04253 2.09158 18.0064 0.000355923
45.6 3.14521 2.01421 18.0064 0.000356313
45.65 3.24395 1.93432 18.0064 0.000356704
45.7 3.33864 1.85201 18.0064 0.000357095
45.75 3.42916 1.76739 18.0064 0.000357486
45.8 3.51538 1.68055 18.0064 0.000357876
45.85 3.59721 1.59162 18.0064 0.000358267
45.9 3.67455 1.50069 18.0065 0.000358658
45.95 3.74728 1.40789 18.0065 0.000359049
46 3.81534 1.31333 18.0065 0.00035944
46.05 3.87862 1.21713 18.0065 0.00035983
46.1 3.93705 1.1194 18.0065 0.000360221
46.15 3.99056 1.02027 18.0065 0.000360612
46.2 4.03908 0.919873 18.0065 0.000361003
46.25 4.08255 0.818321 18.0065 0.000361393
46.3 4.12091 0.715745 18.0065 0.000361784
46.35 4.15413 0.612275 18.0065 0.000362175
46.4 4.18214 0.50804 18.0065 0.000362566
46.45 4.20493 0.403168 18.0065 0.000362956
46.5 4.22246 0.297793 18.0065 0.000363347
46.55 4.23471 0.192046 18.0065 0.000363738
46.6 4.24167 0.0860577 18.0066 0.000364129
46.65 4.24332 -0.0200378 18.0066 0.000364519
46.7 4.23967 -0.126108 18.0066 0.00036491
46.75 4.23071 -0.232021 18.0066 0.000365301
46.8 4.21646 -0.337644 18.0066 0.000365692
46.85 4.19695 -0.442844 18.0066 0.000366083
46.9 4.17218 -0.547491 18.0066 0.000366473
46.95 4.1422 -0.651454 18.0066 0.000366864
47 4.10704 -0.754602 18.0066 0.000367255
47.05 4.06674 -0.856806 18.0066 0.000367646
47.1 4.02136 -0.957939 18.0066 0.000368036
47.15 3.97095 -1.05787 18.0066 0.000368427
47.2 3.91557 -1.15649 18.0066 0.000368818
47.25 3.8553 -1.25365 18.0066 0.000369209
47.3 3.79021 -1.34925 18.0067 0.000369599
47.35 3.72038 -1.44316 18.0067 0.00036999
47.4 3.64589 -1.53527 18.0067 0.000370381
47.45 3.56685 -1.62546 18.0067 0.000370772
47.5 3.48335 -1.71361 18.0067 0.000371163
47.55 3.39549 -1.79963 18.0067 0.000371553
47.6 3.30339 -1.88339 18.0067 0.000371944
47.65 3.20715 -1.9648 18.0067 0.000372335
47.7 3.10691 -2.04375 18.0067 0.000372726
47.75 3.00278 -2.12014 18.0067 0.000373116
47.8 2.8949 -2.19389 18.0067 0.000373507
47.85 2.78339 -2.26489 18.0067 0.000373898
47.9 2.66841 -2.33306 18.0067 0.000374289
47.95 2.55009 -2.39831 18.0067 0.000374679
48 2.42858 -2.46056 18.0068 0.00037507
48.05 2.30403 -2.51974 18.0068 0.000375461
48.1 2.17661 -2.57577 18.0068 0.000375852
48.15 2.04646 -2.62857 18.0068 0.000376243
48.2 1.91375 -2.67809 18.0068 0.000376633
48.25 1.77865 -2.72426 18.0068 0.000377024
48.3 1.64132 -2.76702 18.0068 0.000377415
48.35 1.50195 -2.80633 18.0068 0.000377806
48.4 1.36069 -2.84212 18.0068 0.000378196
48.45 1.21774 -2.87436 18.0068 0.000378587
48.5 1.07326 -2.90301 18.0068 0.000378978
48.55 0.927435 -2.92803 18.0068 0.000379369
48.6 0.780454 -2.94938 18.0068 0.00037976
48.65 0.632497 -2.96705 18.0068 0.00038015
48.7 0.483749 -2.98101 18.0068 0.000380541
48.75 0.334396 -2.99124 18.0069 0.000380932
48.8 0.184625 -2.99773 18.0069 0.000381323
48.85 0.0346234 -3.00047 18.0069 0.000381713
48.9 -0.115422 -2.99946 18.0069 0.000382104
48.95 -0.265323 -2.9947 18.0069 0.000382495
49 -0.414892 -2.9862 18.0069 0.000382886
49.05 -0.563943 -2.97396 18.0069 0.000383276
49.1 -0.712288 -2.958 18.0069 0.000383667
49.15 -0.859743 -2.93835 18.0069 0.000384058
49.2 -1.00612 -2.91502 18.0069 0.000384449
49.25 -1.15125 -2.88804 18.0069 0.00038484
49.3 -1.29493 -2.85745 18.0069 0.00038523
49.35 -1.43699 -2.8233 18.0069 0.000385621
49.4 -1.57726 -2.78561 18.0069 0.000386012
49.45 -1.71555 -2.74443 18.007 0.000386403
49.5 -1.8517 -2.69983 18.007 0.000386793
49.55 -1.98554 -2.65185 18.007 0.000387184
49.6 -2.11689 -2.60055 18.007 0.000387575
49.65 -2.24559 -2.54601 18.007 0.000387966
49.7 -2.37149 -2.48828 18.007 0.000388357
49.75 -2.49442 -2.42743 18.007 0.000388747
49.8 -2.61423 -2.36356 18.007 0.000389138
49.85 -2.73078 -2.29672 18.007 0.000389529
49.9 -2.84391 -2.22702 18.007 0.00038992
49.95 -2.95348 -2.15453 18.007 0.00039031
50 -3.05936 -2.07934 18.007 0.000390701
50.05 -3.16142 -2.00156 18.007 0.000391092
50.1 -3.25952 -1.92127 18.007 0.000391483
50.15 -3.35354 -1.83859 18.0071 0.000391874
50.2 -3.44338 -1.7536 18.0071 0.000392264
50.25 -3.52891 -1.66642 18.0071 0.000392655
50.3 -3.61002 -1.57715 18.0071 0.000393046
50.35 -3.68662 -1.48592 18.0071 0.000393437
50.4 -3.75861 -1.39282 18.0071 0.000393827
50.45 -3.82591 -1.29799 18.0071 0.000394218
50.5 -3.88841 -1.20153 18.0071 0.000394609
50.55 -3.94606 -1.10357 18.0071 0.000395
50.6 -3.99877 -1.00423 18.0071 0.000395391
50.65 -4.04648 -0.903629 18.0071 0.000395781
50.7 -4.08914 -0.801902 18.0071 0.000396172
50.75 -4.12668 -0.699172 18.0071 0.000396563
50.8 -4.15906 -0.595568 18.0071 0.000396954
50.85 -4.18623 -0.49122 18.0072 0.000397344
50.9 -4.20818 -0.386257 18.0072 0.000397735
50.95 -4.22486 -0.280811 18.0072 0.000398126
51 -4.23626 -0.175014 18.0072 0.000398517
51.05 -4.24236 -0.068998 18.0072 0.000398908
51.1 -4.24316 0.0371042 18.0072 0.000399298
51.15 -4.23866 0.14316 18.0072 0.000399689
51.2 -4.22885 0.249037 18.0072 0.00040008
51.25 -4.21375 0.354603 18.0072 0.000400471
51.3 -4.19339 0.459725 18.0072 0.000400861
51.35 -4.16778 0.564272 18.0072 0.000401252
51.4 -4.13696 0.668114 18.0072 0.000401643
51.45 -4.10097 0.771121 18.0072 0.000402034
51.5 -4.05985 0.873163 18.0072 0.000402425
51.55 -4.01366 0.974114 18.0073 0.000402815
51.6 -3.96244 1.07385 18.0073 0.000403206
51.65 -3.90628 1.17224 18.0073 0.000403597
51.7 -3.84522 1.26916 18.0073 0.000403988
51.75 -3.77936 1.3645 18.0073 0.000404379
51.8 -3.70877 1.45813 18.0073 0.000404769
51.85 -3.63355 1.54994 18.0073 0.00040516
51.9 -3.55378 1.63981 18.0073 0.000405551
51.95 -3.46957 1.72763 18.0073 0.000405942
52 -3.38102 1.81329 18.0073 0.000406332
52.05 -3.28824 1.89668 18.0073 0.000406723
52.1 -3.19135 1.9777 18.0073 0.000407114
52.15 -3.09047 2.05625 18.0073 0.000407505
52.2 -2.98573 2.13222 18.0073 0.000407896
52.25 -2.87725 2.20553 18.0073 0.000408286
52.3 -2.76518 2.27609 18.0074 0.000408677
52.35 -2.64965 2.34379 18.0074 0.000409068
52.4 -2.5308 2.40857 18.0074 0.000409459
52.45 -2.40879 2.47033 18.0074 0.00040985
52.5 -2.28377 2.52901 18.0074 0.00041024
52.55 -2.15589 2.58452 18.0074 0.000410631
52.6 -2.02532 2.63681 18.0074 0.000411022
52.65 -1.89221 2.68579 18.0074 0.000411413
52.7 -1.75674 2.73142 18.0074 0.000411803
52.75 -1.61907 2.77363 18.0074 0.000412194
52.8 -1.47938 2.81237 18.0074 0.000412585
52.85 -1.33783 2.8476 18.0074 0.000412976
52.9 -1.19462 2.87926 18.0074 0.000413367
52.95 -1.04991 2.90733 18.0074 0.000413757
53 -0.903883 2.93176 18.0075 0.000414148
53.05 -0.75673 2.95253 18.0075 0.000414539
53.1 -0.608631 2.9696 18.0075 0.00041493
53.15 -0.459771 2.98296 18.0075 0.000415321
53.2 -0.310335 2.99259 18.0075 0.000415711
53.25 -0.160512 2.99848 18.0075 0.000416102
53.3 -0.0104879 3.00062 18.0075 0.000416493
53.35 0.139549 2.999 18.0075 0.000416884
53.4 0.289412 2.99364 18.0075 0.000417274
53.45 0.438913 2.98453 18.0075 0.000417665
53.5 0.587866 2.97169 18.0075 0.000418056
53.55 0.736083 2.95514 18.0075 0.000418447
53.6 0.88338 2.93489 18.0075 0.000418838
53.65 1.02957 2.91097 18.0075 0.000419228
53.7 1.17448 2.88341 18.0076 0.000419619
53.75 1.31791 2.85225 18.0076 0.00042001
53.8 1.4597 2.81752 18.0076 0.000420401
53.85 1.59967 2.77927 18.0076 0.000420792
53.9 1.73763 2.73754 18.0076 0.000421182
53.95 1.87342 2.69239 18.0076 0.000421573
54 2.00687 2.64387 18.0076 0.000421964
54.05 2.13781 2.59204 18.0076 0.000422355
54.1 2.26607 2.53698 18.0076 0.000422745
54.15 2.39151 2.47874 18.0076 0.000423136
54.2 2.51395 2.4174 18.0076 0.000423527
54.25 2.63325 2.35304 18.0076 0.000423918
54.3 2.74925 2.28574 18.0076 0.000424309
54.35 2.86182 2.21558 18.0076 0.000424699
54.4 2.97081 2.14265 18.0077 0.00042509
54.45 3.07609 2.06704 18.0077 0.000425481
54.5 3.17752 1.98885 18.0077 0.000425872
54.55 3.27498 1.90817 18.0077 0.000426263
54.6 3.36834 1.8251 18.0077 0.000426653
54.65 3.45749 1.73975 18.0077 0.000427044
54.7 3.54231 1.65223 18.0077 0.000427435
54.75 3.62271 1.56264 18.0077 0.000427826
54.8 3.69858 1.47109 18.0077 0.000428217
54.85 3.76982 1.37771 18.0077 0.000428607
54.9 3.83635 1.2826 18.0077 0.000428998
54.95 3.89808 1.18589 18.0077 0.000429389
55 3.95494 1.0877 18.0077 0.00042978
55.05 4.00685 0.988144 18.0077 0.000430171
55.1 4.05376 0.887355 18.0078 0.000430561
55.15 4.09559 0.785457 18.0078 0.000430952
55.2 4.13231 0.682576 18.0078 0.000431343
55.25 4.16385 0.578842 18.0078 0.000431734
55.3 4.19019 0.474384 18.0078 0.000432125
55.35 4.21129 0.369332 18.0078 0.000432515
55.4 4.22713 0.263819 18.0078 0.000432906
55.45 4.23767 0.157976 18.0078 0.000433297
55.5 4.24292 0.0519355 18.0078 0.000433688
55.55 4.24287 -0.05417 18.0078 0.000434078
55.6 4.23751 -0.160208 18.0078 0.000434469
55.65 4.22685 -0.266046 18.0078 0.00043486
55.7 4.21091 -0.371551 18.0078 0.000435251
55.75 4.1897 -0.476591 18.0078 0.000435642
55.8 4.16325 -0.581036 18.0078 0.000436032
55.85 4.1316 -0.684754 18.0079 0.000436423
55.9 4.09478 -0.787616 18.0079 0.000436814
55.95 4.05284 -0.889493 18.0079 0.000437205
56 4.00583 -0.990258 18.0079 0.000437596
56.05 3.95381 -1.08978 18.0079 0.000437986
56.1 3.89685 -1.18795 18.0079 0.000438377
56.15 3.83502 -1.28463 18.0079 0.000438768
56.2 3.76839 -1.3797 18.0079 0.000439159
56.25 3.69705 -1.47305 18.0079 0.00043955
56.3 3.62109 -1.56455 18.0079 0.00043994
56.35 3.5406 -1.6541 18.0079 0.000440331
56.4 3.45568 -1.74158 18.0079 0.000440722
56.45 3.36644 -1.82689 18.0079 0.000441113
56.5 3.27299 -1.90991 18.0079 0.000441504
56.55 3.17545 -1.99054 18.008 0.000441894
56.6 3.07394 -2.06868 18.008 0.000442285
56.65 2.96858 -2.14423 18.008 0.000442676
56.7 2.85952 -2.21711 18.008 0.000443067
56.75 2.74687 -2.28721 18.008 0.000443458
56.8 2.6308 -2.35445 18.008 0.000443848
56.85 2.51143 -2.41875 18.008 0.000444239
56.9 2.38892 -2.48003 18.008 0.00044463
56.95 2.26343 -2.5382 18.008 0.000445021
57 2.1351 -2.5932 18.008 0.000445412
57.05 2.00411 -2.64496 18.008 0.000445802
57.1 1.87061 -2.6934 18.008 0.000446193
57.15 1.73477 -2.73849 18.008 0.000446584
57.2 1.59676 -2.78014 18.008 0.000446975
57.25 1.45675 -2.81833 18.0081 0.000447366
57.3 1.31493 -2.85298 18.0081 0.000447756
57.35 1.17146 -2.88407 18.0081 0.000448147
57.4 1.02652 -2.91156 18.0081 0.000448538
57.45 0.880302 -2.9354 18.0081 0.000448929
57.5 0.732982 -2.95557 18.0081 0.00044932
57.55 0.584745 -2.97205 18.0081 0.00044971
57.6 0.435777 -2.98481 18.0081 0.000450101
57.65 0.286264 -2.99384 18.0081 0.000450492
57.7 0.136393 -2.99913 18.0081 0.000450883
57.75 -0.0136487 -3.00066 18.0081 0.000451274
57.8 -0.163673 -2.99844 18.0081 0.000451664
57.85 -0.313493 -2.99248 18.0081 0.000452055
57.9 -0.462921 -2.98277 18.0081 0.000452446
57.95 -0.61177 -2.96933 18.0082 0.000452837
58 -0.759855 -2.95218 18.0082 0.000453228
58.05 -0.906989 -2.93134 18.0082 0.000453618
58.1 -1.05299 -2.90684 18.0082 0.000454009
58.15 -1.19767 -2.87869 18.0082 0.0004544
58.2 -1.34086 -2.84695 18.0082 0.000454791
58.25 -1.48237 -2.81165 18.0082 0.000455182
58.3 -1.62202 -2.77284 18.0082 0.000455572
58.35 -1.75965 -2.73055 18.0082 0.000455963
58.4 -1.89508 -2.68485 18.0082 0.000456354
58.45 -2.02814 -2.6358 18.0082 0.000456745
58.5 -2.15866 -2.58345 18.0082 0.000457136
58.55 -2.28648 -2.52787 18.0082 0.000457526
58.6 -2.41145 -2.46913 18.0082 0.000457917
58.65 -2.5334 -2.4073 18.0082 0.000458308
58.7 -2.65218 -2.34246 18.0083 0.000458699
58.75 -2.76764 -2.27469 18.0083 0.00045909
58.8 -2.87965 -2.20407 18.0083 0.00045948
58.85 -2.98805 -2.13071 18.0083 0.000459871
58.9 -3.09272 -2.05467 18.0083 0.000460262
58.95 -3.19352 -1.97607 18.0083 0.000460653
59 -3.29033 -1.895 18.0083 0.000461044
59.05 -3.38302 -1.81156 18.0083 0.000461434
59.1 -3.47149 -1.72585 18.0083 0.000461825
59.15 -3.55561 -1.63798 18.0083 0.000462216
59.2 -3.63529 -1.54807 18.0083 0.000462607
59.25 -3.71042 -1.45622 18.0083 0.000462998
59.3 -3.78091 -1.36255 18.0083 0.000463388
59.35 -3.84667 -1.26717 18.0083 0.000463779
59.4 -3.90763 -1.17021 18.0084 0.00046417
59.45 -3.9637 -1.07179 18.0084 0.000464561
59.5 -4.01481 -0.97203 18.0084 0.000464952
59.55 -4.0609 -0.871052 18.0084 0.000465343
59.6 -4.10191 -0.768985 18.0084 0.000465733
59.65 -4.1378 -0.665957 18.0084 0.000466124
59.7 -4.16851 -0.562096 18.0084 0.000466515
59.75 -4.19401 -0.457531 18.0084 0.000466906
59.8 -4.21427 -0.352395 18.0084 0.000467297
59.85 -4.22925 -0.246818 18.0084 0.000467687
59.9 -4.23895 -0.140933 18.0084 0.000468078
59.95 -4.24335 -0.0348708 18.0084 0.000468469
60 -4.24244 0.0712347 18.0084 0.00046886
60.05 -4.23623 0.177251 18.0084 0.000469251
60.1 -4.22472 0.283046 18.0085 0.000469641
60.15 -4.20792 0.388487 18.0085 0.000470032
60.2 -4.18587 0.493442 18.0085 0.000470423
60.25 -4.15858 0.597781 18.0085 0.000470814
60.3 -4.12609 0.701372 18.0085 0.000471205
60.35 -4.08844 0.804085 18.0085 0.000471595
60.4 -4.04569 0.905794 18.0085 0.000471986
60.45 -3.99787 1.00637 18.0085 0.000472377
60.5 -3.94505 1.10569 18.0085 0.000472768
60.55 -3.8873 1.20362 18.0085 0.000473159
60.6 -3.82469 1.30005 18.0085 0.000473549
60.65 -3.7573 1.39486 18.0085 0.00047394
60.7 -3.6852 1.48792 18.0085 0.000474331
60.75 -3.60851 1.57912 18.0085 0.000474722
60.8 -3.52729 1.66834 18.0086 0.000475113
60.85 -3.44167 1.75548 18.0086 0.000475504
60.9 -3.35175 1.84043 18.0086 0.000475894
60.95 -3.25763 1.92307 18.0086 0.000476285
61 -3.15944 2.00331 18.0086 0.000476676
61.05 -3.0573 2.08104 18.0086 0.000477067
61.1 -2.95134 2.15618 18.0086 0.000477458
61.15 -2.84168 2.22861 18.0086 0.000477848
61.2 -2.72848 2.29826 18.0086 0.000478239
61.25 -2.61186 2.36504 18.0086 0.00047863
61.3 -2.49198 2.42886 18.0086 0.000479021
61.35 -2.36898 2.48964 18.0086 0.000479412
61.4 -2.24301 2.54731 18.0086 0.000479802
61.45 -2.11425 2.60179 18.0086 0.000480193
61.5 -1.98283 2.65302 18.0087 0.000480584
61.55 -1.84894 2.70093 18.0087 0.000480975
61.6 -1.71274 2.74547 18.0087 0.000481366
61.65 -1.5744 2.78657 18.0087 0.000481757
61.7 -1.43409 2.82419 18.0087 0.000482147
61.75 -1.29198 2.85828 18.0087 0.000482538
61.8 -1.14826 2.88879 18.0087 0.000482929
61.85 -1.0031 2.91569 18.0087 0.00048332
61.9 -0.856691 2.93894 18.0087 0.000483711
61.95 -0.709208 2.95852 18.0087 0.000484101
62 -0.560839 2.97441 18.0087 0.000484492
62.05 -0.411768 2.98657 18.0087 0.000484883
62.1 -0.262182 2.995 18.0087 0.000485274
62.15 -0.112268 2.99968 18.0087 0.000485665
62.2 0.0377857 3.00061 18.0087 0.000486055
62.25 0.187793 2.99779 18.0088 0.000486446
62.3 0.337565 2.99122 18.0088 0.000486837
62.35 0.486915 2.98091 18.0088 0.000487228
62.4 0.635656 2.96688 18.0088 0.000487619
62.45 0.783603 2.94913 18.0088 0.00048801
62.5 0.93057 2.9277 18.0088 0.0004884
62.55 1.07637 2.9026 18.0088 0.000488791
62.6 1.22083 2.87388 18.0088 0.000489182
62.65 1.36376 2.84156 18.0088 0.000489573
62.7 1.50499 2.80569 18.0088 0.000489964
62.75 1.64433 2.76632 18.0088 0.000490354
62.8 1.78162 2.72348 18.0088 0.000490745
62.85 1.91668 2.67724 18.0088 0.000491136
62.9 2.04934 2.62765 18.0088 0.000491527
62.95 2.17944 2.57477 18.0089 0.000491918
63 2.30682 2.51867 18.0089 0.000492309
63.05 2.43131 2.45943 18.0089 0.000492699
63.1 2.55277 2.39711 18.0089 0.00049309
63.15 2.67103 2.33179 18.0089 0.000493481
63.2 2.78595 2.26356 18.0089 0.000493872
63.25 2.89738 2.1925 18.0089 0.000494263
63.3 3.0052 2.11869 18.0089 0.000494653
63.35 3.10925 2.04224 18.0089 0.000495044
63.4 3.20942 1.96323 18.0089 0.000495435
63.45 3.30558 1.88177 18.0089 0.000495826
63.5 3.3976 1.79795 18.0089 0.000496217
63.55 3.48537 1.71189 18.0089 0.000496608
63.6 3.56879 1.62368 18.0089 0.000496998
63.65 3.64774 1.53345 18.009 0.000497389
63.7 3.72213 1.4413 18.009 0.00049778
63.75 3.79187 1.34734 18.009 0.000498171
63.8 3.85687 1.2517 18.009 0.000498562
63.85 3.91705 1.1545 18.009 0.000498952
63.9 3.97232 1.05585 18.009 0.000499343
63.95 4.02263 0.955884 18.009 0.000499734
64 4.06791 0.85472 18.009 0.000500125
64.05 4.10811 0.752488 18.009 0.000500516
64.1 4.14316 0.649316 18.009 0.000500907
64.15 4.17304 0.545331 18.009 0.000501297
64.2 4.1977 0.440664 18.009 0.000501688
64.25 4.21711 0.335446 18.009 0.000502079
64.3 4.23124 0.229809 18.009 0.00050247
64.35 4.24009 0.123884 18.0091 0.000502861
64.4 4.24363 0.0178043 18.0091 0.000503251
64.45 4.24187 -0.0882977 18.0091 0.000503642
64.5 4.23481 -0.194289 18.0091 0.000504033
64.55 4.22244 -0.300038 18.0091 0.000504424
64.6 4.2048 -0.405412 18.0091 0.000504815
64.65 4.1819 -0.510278 18.0091 0.000505206
64.7 4.15378 -0.614507 18.0091 0.000505596
64.75 4.12046 -0.717967 18.0091 0.000505987
64.8 4.08198 -0.82053 18.0091 0.000506378
64.85 4.0384 -0.922067 18.0091 0.000506769
64.9 3.98978 -1.02245 18.0091 0.00050716
64.95 3.93616 -1.12156 18.0091 0.000507551
65 3.87762 -1.21926 18.0091 0.000507941
65.05 3.81424 -1.31544 18.0091 0.000508332
65.1 3.74608 -1.40997 18.0092 0.000508723
65.15 3.67324 -1.50274 18.0092 0.000509114
65.2 3.59581 -1.59363 18.0092 0.000509505
65.25 3.51388 -1.68253 18.0092 0.000509895
65.3 3.42756 -1.76933 18.0092 0.000510286
65.35 3.33695 -1.85391 18.0092 0.000510677
65.4 3.24217 -1.93618 18.0092 0.000511068
65.45 3.14333 -2.01602 18.0092 0.000511459
65.5 3.04057 -2.09334 18.0092 0.00051185
65.55 2.934 -2.16805 18.0092 0.00051224
65.6 2.82376 -2.24004 18.0092 0.000512631
65.65 2.70999 -2.30924 18.0092 0.000513022
65.7 2.59284 -2.37555 18.0092 0.000513413
65.75 2.47244 -2.43888 18.0092 0.000513804
65.8 2.34895 -2.49917 18.0093 0.000514195
65.85 2.22253 -2.55633 18.0093 0.000514585
65.9 2.09332 -2.6103 18.0093 0.000514976
65.95 1.9615 -2.661 18.0093 0.000515367
66 1.82722 -2.70837 18.0093 0.000515758
66.05 1.69066 -2.75236 18.0093 0.000516149
66.1 1.55199 -2.79291 18.0093 0.00051654
66.15 1.41137 -2.82996 18.0093 0.00051693
66.2 1.26899 -2.86347 18.0093 0.000517321
66.25 1.12502 -2.89341 18.0093 0.000517712
66.3 0.97965 -2.91973 18.0093 0.000518103
66.35 0.833051 -2.94239 18.0093 0.000518494
66.4 0.685411 -2.96138 18.0093 0.000518884
66.45 0.536913 -2.97667 18.0093 0.000519275
66.5 0.387745 -2.98823 18.0094 0.000519666
66.55 0.238091 -2.99605 18.0094 0.000520057
66.6 0.0881394 -3.00013 18.0094 0.000520448
66.65 -0.0619223 -3.00046 18.0094 0.000520839
66.7 -0.211907 -2.99704 18.0094 0.000521229
66.75 -0.361626 -2.98987 18.0094 0.00052162
66.8 -0.510894 -2.97896 18.0094 0.000522011
66.85 -0.659522 -2.96432 18.0094 0.000522402
66.9 -0.807326 -2.94598 18.0094 0.000522793
66.95 -0.954121 -2.92396 18.0094 0.000523184
67 -1.09972 -2.89828 18.0094 0.000523574
67.05 -1.24395 -2.86897 18.0094 0.000523965
67.1 -1.38662 -2.83608 18.0094 0.000524356
67.15 -1.52756 -2.79964 18.0094 0.000524747
67.2 -1.66659 -2.75971 18.0095 0.000525138
67.25 -1.80353 -2.71632 18.0095 0.000525529
67.3 -1.93822 -2.66953 18.0095 0.000525919
67.35 -2.07048 -2.61941 18.0095 0.00052631
67.4 -2.20016 -2.56601 18.0095 0.000526701
67.45 -2.32708 -2.5094 18.0095 0.000527092
67.5 -2.4511 -2.44965 18.0095 0.000527483
67.55 -2.57205 -2.38685 18.0095 0.000527874
67.6 -2.68978 -2.32105 18.0095 0.000528264
67.65 -2.80416 -2.25236 18.0095 0.000528655
67.7 -2.91502 -2.18085 18.0095 0.000529046
67.75 -3.02224 -2.10661 18.0095 0.000529437
67.8 -3.12568 -2.02973 18.0095 0.000529828
67.85 -3.22522 -1.95032 18.0095 0.000530219
67.9 -3.32072 -1.86847 18.0096 0.000530609
67.95 -3.41207 -1.78429 18.0096 0.000531
68 -3.49915 -1.69787 18.0096 0.000531391
68.05 -3.58185 -1.60933 18.0096 0.000531782
68.1 -3.66008 -1.51878 18.0096 0.000532173
68.15 -3.73373 -1.42633 18.0096 0.000532564
68.2 -3.80272 -1.33209 18.0096 0.000532954
68.25 -3.86694 -1.23619 18.0096 0.000533345
68.3 -3.92634 -1.13875 18.0096 0.000533736
68.35 -3.98082 -1.03988 18.0096 0.000534127
68.4 -4.03033 -0.939706 18.0096 0.000534518
68.45 -4.07479 -0.838361 18.0096 0.000534909
68.5 -4.11416 -0.735967 18.0096 0.000535299
68.55 -4.14839 -0.632653 18.0096 0.00053569
68.6 -4.17743 -0.528548 18.0096 0.000536081
68.65 -4.20125 -0.423781 18.0097 0.000536472
68.7 -4.21981 -0.318485 18.0097 0.000536863
68.75 -4.2331 -0.212791 18.0097 0.000537254
68.8 -4.24109 -0.106831 18.0097 0.000537644
68.85 -4.24378 -0.000736663 18.0097 0.000538035
68.9 -4.24117 0.105358 18.0097 0.000538426
68.95 -4.23325 0.211322 18.0097 0.000538817
69 -4.22004 0.317021 18.0097 0.000539208
69.05 -4.20155 0.422324 18.0097 0.000539599
69.1 -4.17781 0.527098 18.0097 0.000539989
69.15 -4.14884 0.631214 18.0097 0.00054038
69.2 -4.11469 0.73454 18.0097 0.000540771
69.25 -4.07539 0.836948 18.0097 0.000541162
69.3 -4.03099 0.93831 18.0097 0.000541553
69.35 -3.98156 1.0385 18.0098 0.000541944
69.4 -3.92714 1.13739 18.0098 0.000542334
69.45 -3.86782 1.23486 18.0098 0.000542725
69.5 -3.80366 1.33078 18.0098 0.000543116
69.55 -3.73474 1.42504 18.0098 0.000543507
69.6 -3.66116 1.51752 18.0098 0.000543898
69.65 -3.58299 1.6081 18.0098 0.000544289
69.7 -3.50035 1.69667 18.0098 0.000544679
69.75 -3.41333 1.78312 18.0098 0.00054507
69.8 -3.32204 1.86733 18.0098 0.000545461
69.85 -3.2266 1.94922 18.0098 0.000545852
69.9 -3.12712 2.02867 18.0098 0.000546243
69.95 -3.02373 2.10558 18.0098 0.000546634
70 -2.91656 2.17985 18.0098 0.000547024
70.05 -2.80575 2.2514 18.0099 0.000547415
70.1 -2.69142 2.32014 18.0099 0.000547806
70.15 -2.57373 2.38598 18.0099 0.000548197
70.2 -2.45283 2.44883 18.0099 0.000548588
70.25 -2.32885 2.50862 18.0099 0.000548979
70.3 -2.20197 2.56527 18.0099 0.000549369
70.35 -2.07233 2.61872 18.0099 0.00054976
70.4 -1.94009 2.66889 18.0099 0.000550151
70.45 -1.80544 2.71572 18.0099 0.000550542
70.5 -1.66852 2.75916 18.0099 0.000550933
70.55 -1.52952 2.79915 18.0099 0.000551324
70.6 -1.38861 2.83564 18.0099 0.000551715
70.65 -1.24596 2.86858 18.0099 0.000552105
70.7 -1.10175 2.89794 18.0099 0.000552496
70.75 -0.956165 2.92367 18.01 0.000552887
70.8 -0.809384 2.94575 18.01 0.000553278
70.85 -0.661591 2.96414 18.01 0.000553669
70.9 -0.51297 2.97883 18.01 0.00055406
70.95 -0.363708 2.98979 18.01 0.00055445
71 -0.213991 2.99701 18.01 0.000554841
71.05 -0.0640068 3.00049 18.01 0.000555232
71.1 0.0860578 3.00022 18.01 0.000555623
71.15 0.236015 2.99619 18.01 0.000556014
71.2 0.385677 2.98842 18.01 0.000556405
71.25 0.534857 2.97691 18.01 0.000556795
71.3 0.683368 2.96168 18.01 0.000557186
71.35 0.831024 2.94274 18.01 0.000557577
71.4 0.977642 2.92012 18.01 0.000557968
71.45 1.12304 2.89386 18.0101 0.000558359
71.5 1.26703 2.86397 18.0101 0.00055875
71.55 1.40943 2.83051 18.0101 0.000559141
71.6 1.55008 2.7935 18.0101 0.000559531
71.65 1.68879 2.75301 18.0101 0.000559922
71.7 1.82538 2.70907 18.0101 0.000560313
71.75 1.95969 2.66174 18.0101 0.000560704
71.8 2.09156 2.61108 18.0101 0.000561095
71.85 2.2208 2.55716 18.0101 0.000561486
71.9 2.34727 2.50004 18.0101 0.000561876
71.95 2.47081 2.4398 18.0101 0.000562267
72 2.59125 2.3765 18.0101 0.000562658
72.05 2.70846 2.31024 18.0101 0.000563049
72.1 2.82228 2.24108 18.0101 0.00056344
72.15 2.93257 2.16912 18.0101 0.000563831
72.2 3.03919 2.09445 18.0102 0.000564222
72.25 3.14201 2.01717 18.0102 0.000564612
72.3 3.24091 1.93735 18.0102 0.000565003
72.35 3.33575 1.85512 18.0102 0.000565394
72.4 3.42642 1.77057 18.0102 0.000565785
72.45 3.51281 1.6838 18.0102 0.000566176
72.5 3.5948 1.59493 18.0102 0.000566567
72.55 3.6723 1.50406 18.0102 0.000566957
72.6 3.74521 1.41131 18.0102 0.000567348
72.65 3.81344 1.3168 18.0102 0.000567739
72.7 3.87689 1.22064 18.0102 0.00056813
72.75 3.9355 1.12296 18.0102 0.000568521
72.8 3.98919 1.02387 18.0102 0.000568912
72.85 4.03789 0.923497 18.0102 0.000569303
72.9 4.08154 0.821973 18.0103 0.000569693
72.95 4.12009 0.719421 18.0103 0.000570084
73 4.15348 0.615969 18.0103 0.000570475
73.05 4.18169 0.511747 18.0103 0.000570866
73.1 4.20466 0.406885 18.0103 0.000571257
73.15 4.22238 0.301514 18.0103 0.000571648
73.2 4.23481 0.195766 18.0103 0.000572038
73.25 4.24196 0.0897734 18.0103 0.000572429
73.3 4.24379 -0.0163316 18.0103 0.00057282
73.35 4.24032 -0.122416 18.0103 0.000573211
73.4 4.23155 -0.228348 18.0103 0.000573602
73.45 4.21749 -0.333994 18.0103 0.000573993
73.5 4.19816 -0.439222 18.0103 0.000574384
73.55 4.17357 -0.543902 18.0103 0.000574774
73.6 4.14377 -0.647901 18.0104 0.000575165
73.65 4.10878 -0.75109 18.0104 0.000575556
73.7 4.06866 -0.85334 18.0104 0.000575947
73.75 4.02345 -0.954524 18.0104 0.000576338
73.8 3.97321 -1.05451 18.0104 0.000576729
73.85 3.918 -1.15318 18.0104 0.000577119
73.9 3.85789 -1.25041 18.0104 0.00057751
73.95 3.79296 -1.34608 18.0104 0.000577901
74 3.72329 -1.44006 18.0104 0.000578292
74.05 3.64895 -1.53224 18.0104 0.000578683
74.1 3.57006 -1.62251 18.0104 0.000579074
74.15 3.48671 -1.71075 18.0104 0.000579465
74.2 3.39899 -1.79685 18.0104 0.000579855
74.25 3.30702 -1.8807 18.0104 0.000580246
74.3 3.21092 -1.9622 18.0105 0.000580637
74.35 3.1108 -2.04124 18.0105 0.000581028
74.4 3.0068 -2.11774 18.0105 0.000581419
74.45 2.89903 -2.19159 18.0105 0.00058181
74.5 2.78764 -2.26269 18.0105 0.000582201
74.55 2.67276 -2.33097 18.0105 0.000582591
74.6 2.55454 -2.39633 18.0105 0.000582982
74.65 2.43313 -2.4587 18.0105 0.000583373
74.7 2.30868 -2.51799 18.0105 0.000583764
74.75 2.18133 -2.57413 18.0105 0.000584155
74.8 2.05126 -2.62706 18.0105 0.000584546
74.85 1.91863 -2.6767 18.0105 0.000584937
74.9 1.78359 -2.72299 18.0105 0.000585327
74.95 1.64633 -2.76588 18.0105 0.000585718
75 1.50701 -2.80531 18.0105 0.000586109
75.05 1.3658 -2.84123 18.0106 0.0005865
75.1 1.22289 -2.8736 18.0106 0.000586891
75.15 1.07844 -2.90237 18.0106 0.000587282
75.2 0.932649 -2.92752 18.0106 0.000587672
75.25 0.78569 -2.94901 18.0106 0.000588063
75.3 0.637748 -2.96681 18.0106 0.000588454
75.35 0.489009 -2.98089 18.0106 0.000588845
75.4 0.339659 -2.99126 18.0106 0.000589236
75.45 0.189884 -2.99788 18.0106 0.000589627
75.5 0.0398712 -3.00075 18.0106 0.000590018
75.55 -0.110191 -2.99987 18.0106 0.000590408
75.6 -0.260116 -2.99524 18.0106 0.000590799
75.65 -0.409716 -2.98687 18.0106 0.00059119
75.7 -0.558803 -2.97476 18.0106 0.000591581
75.75 -0.707192 -2.95893 18.0107 0.000591972
75.8 -0.854696 -2.9394 18.0107 0.000592363
75.85 -1.00113 -2.9162 18.0107 0.000592754
75.9 -1.14632 -2.88935 18.0107 0.000593144
75.95 -1.29007 -2.85888 18.0107 0.000593535
76 -1.4322 -2.82484 18.0107 0.000593926
76.05 -1.57255 -2.78727 18.0107 0.000594317
76.1 -1.71093 -2.74622 18.0107 0.000594708
76.15 -1.84717 -2.70173 18.0107 0.000595099
76.2 -1.98111 -2.65386 18.0107 0.00059549
76.25 -2.11256 -2.60267 18.0107 0.00059588
76.3 -2.24137 -2.54823 18.0107 0.000596271
76.35 -2.36739 -2.49061 18.0107 0.000596662
76.4 -2.49044 -2.42986 18.0107 0.000597053
76.45 -2.61037 -2.36608 18.0108 0.000597444
76.5 -2.72705 -2.29935 18.0108 0.000597835
76.55 -2.84031 -2.22973 18.0108 0.000598226
76.6 -2.95002 -2.15733 18.0108 0.000598616
76.65 -3.05604 -2.08223 18.0108 0.000599007
76.7 -3.15824 -2.00453 18.0108 0.000599398
76.75 -3.2565 -1.92432 18.0108 0.000599789
76.8 -3.35068 -1.84171 18.0108 0.00060018
76.85 -3.44067 -1.75679 18.0108 0.000600571
76.9 -3.52636 -1.66967 18.0108 0.000600962
76.95 -3.60764 -1.58047 18.0108 0.000601352
77 -3.68441 -1.48929 18.0108 0.000601743
77.05 -3.75657 -1.39625 18.0108 0.000602134
77.1 -3.82403 -1.30146 18.0108 0.000602525
77.15 -3.88672 -1.20505 18.0109 0.000602916
77.2 -3.94454 -1.10713 18.0109 0.000603307
77.25 -3.99743 -1.00782 18.0109 0.000603698
77.3 -4.04532 -0.907258 18.0109 0.000604089
77.35 -4.08816 -0.805558 18.0109 0.000604479
77.4 -4.12588 -0.702851 18.0109 0.00060487
77.45 -4.15844 -0.599265 18.0109 0.000605261
77.5 -4.18581 -0.494929 18.0109 0.000605652
77.55 -4.20794 -0.389974 18.0109 0.000606043
77.6 -4.22481 -0.284532 18.0109 0.000606434
77.65 -4.23639 -0.178734 18.0109 0.000606825
77.7 -4.24268 -0.0727126 18.0109 0.000607215
77.75 -4.24367 0.0333999 18.0109 0.000607606
77.8 -4.23934 0.139471 18.0109 0.000607997
77.85 -4.22972 0.245367 18.011 0.000608388
77.9 -4.21481 0.350957 18.011 0.000608779
77.95 -4.19463 0.456108 18.011 0.00060917
78 -4.1692 0.560688 18.011 0.000609561
78.05 -4.13856 0.664568 18.011 0.000609951
78.1 -4.10274 0.767617 18.011 0.000610342
78.15 -4.0618 0.869705 18.011 0.000610733
78.2 -4.01578 0.970707 18.011 0.000611124
78.25 -3.96473 1.07049 18.011 0.000611515
78.3 -3.90873 1.16894 18.011 0.000611906
78.35 -3.84784 1.26593 18.011 0.000612297
78.4 -3.78214 1.36134 18.011 0.000612687
78.45 -3.71171 1.45504 18.011 0.000613078
78.5 -3.63663 1.54692 18.011 0.000613469
78.55 -3.55702 1.63687 18.011 0.00061386
78.6 -3.47295 1.72477 18.0111 0.000614251
78.65 -3.38454 1.81052 18.0111 0.000614642
78.7 -3.2919 1.894 18.0111 0.000615033
78.75 -3.19514 1.97511 18.0111 0.000615424
78.8 -3.09439 2.05376 18.0111 0.000615814
78.85 -2.98977 2.12983 18.0111 0.000616205
78.9 -2.88141 2.20325 18.0111 0.000616596
78.95 -2.76944 2.27391 18.0111 0.000616987
79 -2.65402 2.34172 18.0111 0.000617378
79.05 -2.53527 2.40661 18.0111 0.000617769
79.1 -2.41336 2.46849 18.0111 0.00061816
79.15 -2.28842 2.52728 18.0111 0.00061855
79.2 -2.16063 2.58291 18.0111 0.000618941
79.25 -2.03013 2.63531 18.0111 0.000619332
79.3 -1.8971 2.68442 18.0112 0.000619723
79.35 -1.76169 2.73016 18.0112 0.000620114
79.4 -1.62408 2.7725 18.0112 0.000620505
79.45 -1.48444 2.81137 18.0112 0.000620896
79.5 -1.34295 2.84672 18.0112 0.000621287
79.55 -1.19977 2.87852 18.0112 0.000621677
79.6 -1.0551 2.90671 18.0112 0.000622068
79.65 -0.909101 2.93127 18.0112 0.000622459
79.7 -0.761969 2.95217 18.0112 0.00062285
79.75 -0.613884 2.96937 18.0112 0.000623241
79.8 -0.465032 2.98287 18.0112 0.000623632
79.85 -0.315598 2.99263 18.0112 0.000624023
79.9 -0.165769 2.99865 18.0112 0.000624413
79.95 -0.0157335 3.00092 18.0112 0.000624804
80 0.134322 2.99943 18.0113 0.000625195
80.05 0.28421 2.9942 18.0113 0.000625586
80.1 0.433742 2.98522 18.0113 0.000625977
80.15 0.582732 2.97252 18.0113 0.000626368
80.2 0.730994 2.95609 18.0113 0.000626759
80.25 0.878342 2.93597 18.0113 0.00062715
80.3 1.02459 2.91217 18.0113 0.00062754
80.35 1.16956 2.88474 18.0113 0.000627931
80.4 1.31307 2.8537 18.0113 0.000628322
80.45 1.45493 2.81909 18.0113 0.000628713
80.5 1.59497 2.78095 18.0113 0.000629104
80.55 1.73303 2.73934 18.0113 0.000629495
80.6 1.86891 2.6943 18.0113 0.000629886
80.65 2.00246 2.64589 18.0113 0.000630277
80.7 2.1335 2.59418 18.0114 0.000630667
80.75 2.26187 2.53922 18.0114 0.000631058
80.8 2.38742 2.48109 18.0114 0.000631449
80.85 2.50998 2.41985 18.0114 0.00063184
80.9 2.62941 2.35559 18.0114 0.000632231
80.95 2.74554 2.28838 18.0114 0.000632622
81 2.85825 2.21831 18.0114 0.000633013
81.05 2.96738 2.14547 18.0114 0.000633404
81.1 3.0728 2.06994 18.0114 0.000633794
81.15 3.17437 1.99183 18.0114 0.000634185
81.2 3.27198 1.91123 18.0114 0.000634576
81.25 3.3655 1.82823 18.0114 0.000634967
81.3 3.4548 1.74295 18.0114 0.000635358
81.35 3.53979 1.65549 18.0114 0.000635749
81.4 3.62035 1.56596 18.0115 0.00063614
81.45 3.69639 1.47448 18.0115 0.000636531
81.5 3.7678 1.38114 18.0115 0.000636921
81.55 3.83451 1.28609 18.0115 0.000637312
81.6 3.89641 1.18942 18.0115 0.000637703
81.65 3.95345 1.09127 18.0115 0.000638094
81.7 4.00554 0.991748 18.0115 0.000638485
81.75 4.05263 0.890989 18.0115 0.000638876
81.8 4.09464 0.789117 18.0115 0.000639267
81.85 4.13154 0.686258 18.0115 0.000639657
81.9 4.16327 0.58254 18.0115 0.000640048
81.95 4.18979 0.478094 18.0115 0.000640439
82 4.21108 0.373051 18.0115 0.00064083
82.05 4.2271 0.267541 18.0115 0.000641221
82.1 4.23784 0.161696 18.0115 0.000641612
82.15 4.24327 0.0556488 18.0116 0.000642003
82.2 4.2434 -0.0504678 18.0116 0.000642394
82.25 4.23823 -0.156521 18.0116 0.000642784
82.3 4.22775 -0.262379 18.0116 0.000643175
82.35 4.21199 -0.367909 18.0116 0.000643566
82.4 4.19096 -0.472979 18.0116 0.000643957
82.45 4.16469 -0.577457 18.0116 0.000644348
82.5 4.13322 -0.681214 18.0116 0.000644739
82.55 4.09658 -0.784118 18.0116 0.00064513
82.6 4.05481 -0.886043 18.0116 0.000645521
82.65 4.00797 -0.986859 18.0116 0.000645912
82.7 3.95612 -1.08644 18.0116 0.000646302
82.75 3.89933 -1.18467 18.0116 0.000646693
82.8 3.83766 -1.28141 18.0116 0.000647084
82.85 3.77119 -1.37655 18.0117 0.000647475
82.9 3.70001 -1.46997 18.0117 0.000647866
82.95 3.6242 -1.56155 18.0117 0.000648257
83 3.54385 -1.65118 18.0117 0.000648648
83.05 3.45908 -1.73874 18.0117 0.000649039
83.1 3.36998 -1.82413 18.0117 0.000649429
83.15 3.27667 -1.90724 18.0117 0.00064982
83.2 3.17926 -1.98797 18.0117 0.000650211
83.25 3.07787 -2.06621 18.0117 0.000650602
83.3 2.97264 -2.14186 18.0117 0.000650993
83.35 2.86369 -2.21484 18.0117 0.000651384
83.4 2.75115 -2.28505 18.0117 0.000651775
83.45 2.63518 -2.3524 18.0117 0.000652166
83.5 2.51592 -2.41681 18.0117 0.000652556
83.55 2.3935 -2.47819 18.0118 0.000652947
83.6 2.2681 -2.53648 18.0118 0.000653338
83.65 2.13986 -2.5916 18.0118 0.000653729
83.7 2.00894 -2.64348 18.0118 0.00065412
83.75 1.87551 -2.69205 18.0118 0.000654511
83.8 1.73973 -2.73725 18.0118 0.000654902
83.85 1.60178 -2.77904 18.0118 0.000655293
83.9 1.46183 -2.81734 18.0118 0.000655683
83.95 1.32005 -2.85213 18.0118 0.000656074
84 1.17662 -2.88335 18.0118 0.000656465
84.05 1.03172 -2.91096 18.0118 0.000656856
84.1 0.885523 -2.93493 18.0118 0.000657247
84.15 0.738223 -2.95524 18.0118 0.000657638
84.2 0.59 -2.97185 18.0118 0.000658029
84.25 0.441039 -2.98474 18.0119 0.00065842
84.3 0.291526 -2.9939 18.0119 0.000658811
84.35 0.141649 -2.99932 18.0119 0.000659201
84.4 -0.0084055 -3.00098 18.0119 0.000659592
84.45 -0.158449 -2.9989 18.0119 0.000659983
84.5 -0.308295 -2.99306 18.0119 0.000660374
84.55 -0.457756 -2.98348 18.0119 0.000660765
84.6 -0.606644 -2.97018 18.0119 0.000661156
84.65 -0.754773 -2.95315 18.0119 0.000661547
84.7 -0.901959 -2.93244 18.0119 0.000661938
84.75 -1.04802 -2.90806 18.0119 0.000662328
84.8 -1.19277 -2.88004 18.0119 0.000662719
84.85 -1.33602 -2.84842 18.0119 0.00066311
84.9 -1.47761 -2.81324 18.0119 0.000663501
84.95 -1.61735 -2.77454 18.012 0.000663892
85 -1.75506 -2.73237 18.012 0.000664283
85.05 -1.89058 -2.68679 18.012 0.000664674
85.1 -2.02374 -2.63784 18.012 0.000665065
85.15 -2.15437 -2.5856 18.012 0.000665456
85.2 -2.2823 -2.53013 18.012 0.000665846
85.25 -2.40738 -2.47149 18.012 0.000666237
85.3 -2.52945 -2.40976 18.012 0.000666628
85.35 -2.64836 -2.34502 18.012 0.000667019
85.4 -2.76395 -2.27734 18.012 0.00066741
85.45 -2.87609 -2.20682 18.012 0.000667801
85.5 -2.98464 -2.13354 18.012 0.000668192
85.55 -3.08945 -2.05759 18.012 0.000668583
85.6 -3.1904 -1.97907 18.012 0.000668974
85.65 -3.28736 -1.89807 18.012 0.000669364
85.7 -3.38021 -1.8147 18.0121 0.000669755
85.75 -3.46883 -1.72906 18.0121 0.000670146
85.8 -3.55311 -1.64126 18.0121 0.000670537
85.85 -3.63296 -1.5514 18.0121 0.000670928
85.9 -3.70826 -1.45961 18.0121 0.000671319
85.95 -3.77892 -1.36599 18.0121 0.00067171
86 -3.84486 -1.27067 18.0121 0.000672101
86.05 -3.90599 -1.17375 18.0121 0.000672492
86.1 -3.96223 -1.07537 18.0121 0.000672882
86.15 -4.01352 -0.975639 18.0121 0.000673273
86.2 -4.0598 -0.874691 18.0121 0.000673664
86.25 -4.10099 -0.772649 18.0121 0.000674055
86.3 -4.13706 -0.669642 18.0121 0.000674446
86.35 -4.16796 -0.565796 18.0121 0.000674837
86.4 -4.19365 -0.461244 18.0122 0.000675228
86.45 -4.21409 -0.356114 18.0122 0.000675619
86.5 -4.22926 -0.25054 18.0122 0.00067601
86.55 -4.23914 -0.144652 18.0122 0.0006764
86.6 -4.24373 -0.0385827 18.0122 0.000676791
86.65 -4.243 0.0675346 18.0122 0.000677182
86.7 -4.23697 0.173567 18.0122 0.000677573
86.75 -4.22565 0.279383 18.0122 0.000677964
86.8 -4.20904 0.38485 18.0122 0.000678355
86.85 -4.18716 0.489835 18.0122 0.000678746
86.9 -4.16006 0.594208 18.0122 0.000679137
86.95 -4.12774 0.697838 18.0122 0.000679528
87 -4.09027 0.800596 18.0122 0.000679918
87.05 -4.04769 0.902352 18.0122 0.000680309
87.1 -4.00004 1.00298 18.0123 0.0006807
87.15 -3.94739 1.10235 18.0123 0.000681091
87.2 -3.88981 1.20035 18.0123 0.000681482
87.25 -3.82736 1.29685 18.0123 0.000681873
87.3 -3.76012 1.39172 18.0123 0.000682264
87.35 -3.68819 1.48485 18.0123 0.000682655
87.4 -3.61164 1.57613 18.0123 0.000683046
87.45 -3.53057 1.66543 18.0123 0.000683436
87.5 -3.4451 1.75266 18.0123 0.000683827
87.55 -3.35531 1.83769 18.0123 0.000684218
87.6 -3.26133 1.92042 18.0123 0.000684609
87.65 -3.16327 2.00076 18.0123 0.000685
87.7 -3.06125 2.07859 18.0123 0.000685391
87.75 -2.95541 2.15382 18.0123 0.000685782
87.8 -2.84587 2.22636 18.0124 0.000686173
87.85 -2.73278 2.29611 18.0124 0.000686564
87.9 -2.61626 2.363 18.0124 0.000686954
87.95 -2.49648 2.42693 18.0124 0.000687345
88 -2.37357 2.48782 18.0124 0.000687736
88.05 -2.2477 2.54561 18.0124 0.000688127
88.1 -2.11901 2.60021 18.0124 0.000688518
88.15 -1.98768 2.65156 18.0124 0.000688909
88.2 -1.85386 2.69959 18.0124 0.0006893
88.25 -1.71772 2.74425 18.0124 0.000689691
88.3 -1.57943 2.78548 18.0124 0.000690082
88.35 -1.43917 2.82323 18.0124 0.000690473
88.4 -1.29711 2.85744 18.0124 0.000690863
88.45 -1.15343 2.88808 18.0124 0.000691254
88.5 -1.0083 2.91511 18.0124 0.000691645
88.55 -0.861916 2.9385 18.0125 0.000692036
88.6 -0.714452 2.95821 18.0125 0.000692427
88.65 -0.566095 2.97422 18.0125 0.000692818
88.7 -0.41703 2.98652 18.0125 0.000693209
88.75 -0.267444 2.99508 18.0125 0.0006936
88.8 -0.117523 2.99989 18.0125 0.000693991
88.85 0.0325451 3.00095 18.0125 0.000694381
88.9 0.182572 2.99826 18.0125 0.000694772
88.95 0.332372 2.99183 18.0125 0.000695163
89 0.481755 2.98165 18.0125 0.000695554
89.05 0.630536 2.96774 18.0125 0.000695945
89.1 0.778529 2.95012 18.0125 0.000696336
89.15 0.925549 2.92881 18.0125 0.000696727
89.2 1.07141 2.90384 18.0125 0.000697118
89.25 1.21593 2.87524 18.0126 0.000697509
89.3 1.35894 2.84305 18.0126 0.0006979
89.35 1.50024 2.8073 18.0126 0.00069829
89.4 1.63967 2.76804 18.0126 0.000698681
89.45 1.77704 2.72532 18.0126 0.000699072
89.5 1.9122 2.67919 18.0126 0.000699463
89.55 2.04496 2.62971 18.0126 0.000699854
89.6 2.17517 2.57694 18.0126 0.000700245
89.65 2.30266 2.52095 18.0126 0.000700636
89.7 2.42727 2.46181 18.0126 0.000701027
89.75 2.54884 2.39959 18.0126 0.000701418
89.8 2.66723 2.33437 18.0126 0.000701809
89.85 2.78228 2.26623 18.0126 0.000702199
89.9 2.89385 2.19525 18.0126 0.00070259
89.95 3.0018 2.12154 18.0127 0.000702981
90 3.106 2.04516 18.0127 0.000703372
90.05 3.20632 1.96624 18.0127 0.000703763
90.1 3.30263 1.88485 18.0127 0.000704154
90.15 3.39481 1.80111 18.0127 0.000704545
90.2 3.48274 1.71511 18.0127 0.000704936
90.25 3.56632 1.62697 18.0127 0.000705327
90.3 3.64544 1.53679 18.0127 0.000705718
90.35 3.72 1.4447 18.0127 0.000706108
90.4 3.78991 1.3508 18.0127 0.000706499
90.45 3.85508 1.2552 18.0127 0.00070689
90.5 3.91543 1.15804 18.0127 0.000707281
90.55 3.97089 1.05943 18.0127 0.000707672
90.6 4.02138 0.959498 18.0127 0.000708063
90.65 4.06684 0.858364 18.0128 0.000708454
90.7 4.10721 0.756156 18.0128 0.000708845
90.75 4.14246 0.653003 18.0128 0.000709236
90.8 4.17252 0.549034 18.0128 0.000709627
90.85 4.19736 0.444378 18.0128 0.000710017
90.9 4.21696 0.339166 18.0128 0.000710408
90.95 4.23128 0.23353 18.0128 0.000710799
91 4.24031 0.127602 18.0128 0.00071119
91.05 4.24404 0.0215147 18.0128 0.000711581
91.1 4.24246 -0.0845998 18.0128 0.000711972
91.15 4.23558 -0.190609 18.0128 0.000712363
91.2 4.2234 -0.296379 18.0128 0.000712754
91.25 4.20595 -0.401779 18.0128 0.000713145
91.3 4.18323 -0.506676 18.0128 0.000713536
91.35 4.15528 -0.61094 18.0129 0.000713926
91.4 4.12214 -0.714441 18.0129 0.000714317
91.45 4.08384 -0.817047 18.0129 0.000714708
91.5 4.04043 -0.918633 18.0129 0.000715099
91.55 3.99198 -1.01907 18.0129 0.00071549
91.6 3.93853 -1.11823 18.0129 0.000715881
91.65 3.88015 -1.216 18.0129 0.000716272
91.7 3.81693 -1.31224 18.0129 0.000716663
91.75 3.74893 -1.40684 18.0129 0.000717054
91.8 3.67625 -1.49969 18.0129 0.000717445
91.85 3.59896 -1.59066 18.0129 0.000717836
91.9 3.51718 -1.67964 18.0129 0.000718226
91.95 3.431 -1.76652 18.0129 0.000718617
92 3.34053 -1.85119 18.0129 0.000719008
92.05 3.24589 -1.93354 18.0129 0.000719399
92.1 3.14718 -2.01348 18.013 0.00071979
92.15 3.04454 -2.0909 18.013 0.000720181
92.2 2.93809 -2.16571 18.013 0.000720572
92.25 2.82797 -2.23781 18.013 0.000720963
92.3 2.71431 -2.30711 18.013 0.000721354
92.35 2.59726 -2.37352 18.013 0.000721745
92.4 2.47696 -2.43697 18.013 0.000722135
92.45 2.35356 -2.49737 18.013 0.000722526
92.5 2.22722 -2.55465 18.013 0.000722917
92.55 2.0981 -2.60874 18.013 0.000723308
92.6 1.96635 -2.65956 18.013 0.000723699
92.65 1.83214 -2.70705 18.013 0.00072409
92.7 1.69565 -2.75117 18.013 0.000724481
92.75 1.55703 -2.79184 18.013 0.000724872
92.8 1.41646 -2.82902 18.0131 0.000725263
92.85 1.27413 -2.86266 18.0131 0.000725654
92.9 1.1302 -2.89273 18.0131 0.000726045
92.95 0.984854 -2.91917 18.0131 0.000726435
93 0.83828 -2.94197 18.0131 0.000726826
93.05 0.690658 -2.96109 18.0131 0.000727217
93.1 0.542172 -2.9765 18.0131 0.000727608
93.15 0.393008 -2.9882 18.0131 0.000727999
93.2 0.243352 -2.99616 18.0131 0.00072839
93.25 0.0933922 -3.00037 18.0131 0.000728781
93.3 -0.0566845 -3.00083 18.0131 0.000729172
93.35 -0.20669 -2.99753 18.0131 0.000729563
93.4 -0.356438 -2.99049 18.0131 0.000729954
93.45 -0.50574 -2.97971 18.0131 0.000730345
93.5 -0.654409 -2.96521 18.0132 0.000730735
93.55 -0.802261 -2.94699 18.0132 0.000731126
93.6 -0.949109 -2.92509 18.0132 0.000731517
93.65 -1.09477 -2.89954 18.0132 0.000731908
93.7 -1.23906 -2.87036 18.0132 0.000732299
93.75 -1.38181 -2.83759 18.0132 0.00073269
93.8 -1.52282 -2.80127 18.0132 0.000733081
93.85 -1.66193 -2.76145 18.0132 0.000733472
93.9 -1.79897 -2.71817 18.0132 0.000733863
93.95 -1.93375 -2.6715 18.0132 0.000734254
94 -2.06612 -2.62149 18.0132 0.000734645
94.05 -2.1959 -2.56819 18.0132 0.000735035
94.1 -2.32294 -2.51169 18.0132 0.000735426
94.15 -2.44707 -2.45205 18.0132 0.000735817
94.2 -2.56814 -2.38934 18.0133 0.000736208
94.25 -2.68601 -2.32364 18.0133 0.000736599
94.3 -2.80051 -2.25504 18.0133 0.00073699
94.35 -2.91151 -2.18362 18.0133 0.000737381
94.4 -3.01887 -2.10947 18.0133 0.000737772
94.45 -3.12246 -2.03268 18.0133 0.000738163
94.5 -3.22214 -1.95334 18.0133 0.000738554
94.55 -3.31779 -1.87157 18.0133 0.000738945
94.6 -3.4093 -1.78745 18.0133 0.000739336
94.65 -3.49654 -1.7011 18.0133 0.000739726
94.7 -3.57941 -1.61263 18.0133 0.000740117
94.75 -3.65781 -1.52213 18.0133 0.000740508
94.8 -3.73163 -1.42974 18.0133 0.000740899
94.85 -3.80078 -1.33555 18.0133 0.00074129
94.9 -3.86518 -1.2397 18.0134 0.000741681
94.95 -3.92475 -1.1423 18.0134 0.000742072
95 -3.97941 -1.04346 18.0134 0.000742463
95.05 -4.0291 -0.943325 18.0134 0.000742854
95.1 -4.07375 -0.842008 18.0134 0.000743245
95.15 -4.1133 -0.739638 18.0134 0.000743636
95.2 -4.14771 -0.636343 18.0134 0.000744027
95.25 -4.17694 -0.532253 18.0134 0.000744417
95.3 -4.20094 -0.427497 18.0134 0.000744808
95.35 -4.21969 -0.322206 18.0134 0.000745199
95.4 -4.23316 -0.216512 18.0134 0.00074559
95.45 -4.24134 -0.110548 18.0134 0.000745981
95.5 -4.24422 -0.0044454 18.0134 0.000746372
95.55 -4.24179 0.101663 18.0134 0.000746763
95.6 -4.23405 0.207644 18.0134 0.000747154
95.65 -4.22103 0.313366 18.0135 0.000747545
95.7 -4.20272 0.418695 18.0135 0.000747936
95.75 -4.17916 0.523502 18.0135 0.000748327
95.8 -4.15037 0.627653 18.0135 0.000748718
95.85 -4.11639 0.73102 18.0135 0.000749108
95.9 -4.07727 0.833473 18.0135 0.000749499
95.95 -4.03305 0.934884 18.0135 0.00074989
96 -3.98378 1.03513 18.0135 0.000750281
96.05 -3.92954 1.13407 18.0135 0.000750672
96.1 -3.87038 1.2316 18.0135 0.000751063
96.15 -3.80638 1.32759 18.0135 0.000751454
96.2 -3.73762 1.42192 18.0135 0.000751845
96.25 -3.66419 1.51447 18.0135 0.000752236
96.3 -3.58617 1.60513 18.0135 0.000752627
96.35 -3.50368 1.69378 18.0136 0.000753018
96.4 -3.4168 1.78032 18.0136 0.000753409
96.45 -3.32565 1.86462 18.0136 0.000753799
96.5 -3.23034 1.9466 18.0136 0.00075419
96.55 -3.13099 2.02614 18.0136 0.000754581
96.6 -3.02772 2.10315 18.0136 0.000754972
96.65 -2.92067 2.17753 18.0136 0.000755363
96.7 -2.80997 2.24918 18.0136 0.000755754
96.75 -2.69576 2.31803 18.0136 0.000756145
96.8 -2.57817 2.38397 18.0136 0.000756536
96.85 -2.45736 2.44694 18.0136 0.000756927
96.9 -2.33348 2.50684 18.0136 0.000757318
96.95 -2.20668 2.56361 18.0136 0.000757709
97 -2.07712 2.61718 18.0136 0.0007581
97.05 -1.94496 2.66747 18.0137 0.00075849
97.1 -1.81037 2.71443 18.0137 0.000758881
97.15 -1.67352 2.75799 18.0137 0.000759272
97.2 -1.53457 2.7981 18.0137 0.000759663
97.25 -1.39371 2.83472 18.0137 0.000760054
97.3 -1.2511 2.86779 18.0137 0.000760445
97.35 -1.10693 2.89727 18.0137 0.000760836
97.4 -0.961374 2.92314 18.0137 0.000761227
97.45 -0.814616 2.94534 18.0137 0.000761618
97.5 -0.66684 2.96387 18.0137 0.000762009
97.55 -0.51823 2.97869 18.0137 0.0007624
97.6 -0.368971 2.98978 18.0137 0.000762791
97.65 -0.219252 2.99714 18.0137 0.000763182
97.7 -0.0692577 3.00075 18.0137 0.000763572
97.75 0.0808229 3.0006 18.0138 0.000763963
97.8 0.230802 2.99671 18.0138 0.000764354
97.85 0.380493 2.98906 18.0138 0.000764745
97.9 0.529709 2.97768 18.0138 0.000765136
97.95 0.678262 2.96258 18.0138 0.000765527
98 0.825967 2.94377 18.0138 0.000765918
98.05 0.972639 2.92128 18.0138 0.000766309
98.1 1.1181 2.89514 18.0138 0.0007667
98.15 1.26215 2.86538 18.0138 0.000767091
98.2 1.40463 2.83203 18.0138 0.000767482
98.25 1.54536 2.79515 18.0138 0.000767873
98.3 1.68415 2.75477 18.0138 0.000768264
98.35 1.82083 2.71094 18.0138 0.000768654
98.4 1.95524 2.66373 18.0138 0.000769045
98.45 2.08721 2.61318 18.0138 0.000769436
98.5 2.21656 2.55937 18.0139 0.000769827
98.55 2.34315 2.50235 18.0139 0.000770218
98.6 2.4668 2.44221 18.0139 0.000770609
98.65 2.58737 2.37901 18.0139 0.000771
98.7 2.7047 2.31284 18.0139 0.000771391
98.75 2.81865 2.24378 18.0139 0.000771782
98.8 2.92908 2.17191 18.0139 0.000772173
98.85 3.03584 2.09733 18.0139 0.000772564
98.9 3.13881 2.02012 18.0139 0.000772955
98.95 3.23786 1.94039 18.0139 0.000773346
99 3.33285 1.85823 18.0139 0.000773737
99.05 3.42368 1.77374 18.0139 0.000774127
99.1 3.51023 1.68704 18.0139 0.000774518
99.15 3.59239 1.59823 18.0139 0.000774909
99.2 3.67005 1.50743 18.014 0.0007753
99.25 3.74313 1.41473 18.014 0.000775691
99.3 3.81153 1.32027 18.014 0.000776082
99.35 3.87516 1.22416 18.014 0.000776473
99.4 3.93395 1.12651 18.014 0.000776864
99.45 3.98781 1.02746 18.014 0.000777255
99.5 4.03669 0.927122 18.014 0.000777646
99.55 4.08053 0.825625 18.014 0.000778037
99.6 4.11926 0.723096 18.014 0.000778428
99.65 4.15284 0.619662 18.014 0.000778819
99.7 4.18122 0.515454 18.014 0.00077921
99.75 4.20438 0.410601 18.014 0.0007796
99.8 4.22229 0.305235 18.014 0.000779991
99.85 4.23491 0.199487 18.014 0.000780382
99.9 4.24224 0.0934897 18.0141 0.000780773
99.95 4.24426 -0.0126246 18.0141 0.000781164
100 4.24098 -0.118723 18.0141 0.000781555
