#t         x         v         E        delta_E/E(0)
0 0 3 18 0
0.05 0.15 2.99813 18 3.90625e-07
0.1 0.299813 4.4925 40.455 1.2475
0.15 0.44925 4.48126 40.3653 1.24252
0.2 0.598126 4.46442 40.2199 1.23444
0.25 0.746255 4.442 40.0197 1.22332
0.3 0.893451 4.41403 39.7656 1.2092
0.35 1.03953 4.38054 39.4589 1.19216
0.4 1.18431 4.34157 39.1011 1.17228
0.45 1.32761 4.29718 38.6941 1.14967
0.5 1.46925 4.24742 38.2398 1.12443
0.55 1.60905 4.19234 37.7405 1.0967
0.6 1.74684 4.13203 37.1988 1.0666
0.65 1.88245 4.06655 36.6173 1.03429
0.7 2.01571 3.99599 35.9989 0.999938
0.75 2.14644 3.92043 35.3467 0.963708
0.8 2.27449 3.83997 34.6641 0.925782
0.85 2.3997 3.75471 33.9543 0.886351
0.9 2.52191 3.66476 33.221 0.845611
0.95 2.64097 3.57023 32.4678 0.803767
1 2.75673 3.47123 31.6985 0.761026
1.05 2.86904 3.3679 30.9169 0.717604
1.1 2.97776 3.26036 30.1269 0.673717
1.15 3.08276 3.14874 29.3325 0.629584
1.2 3.18391 3.03318 28.5377 0.585426
1.25 3.28108 2.91383 27.7463 0.541463
1.3 3.37414 2.79085 26.9625 0.497916
1.35 3.46299 2.66437 26.19 0.455002
1.4 3.54751 2.53456 25.4328 0.412936
1.45 3.6276 2.40158 24.6947 0.371927
1.5 3.70315 2.26561 23.9793 0.332182
1.55 3.77408 2.12679 23.2902 0.293897
1.6 3.84028 1.98533 22.6308 0.257266
1.65 3.90169 1.84138 22.0045 0.222471
1.7 3.95821 1.69512 21.4143 0.189685
1.75 4.00979 1.54675 20.8633 0.159073
1.8 4.05636 1.39645 20.3542 0.130788
1.85 4.09786 1.2444 19.8895 0.104971
1.9 4.13423 1.09079 19.4715 0.0817517
1.95 4.16544 0.935823 19.1024 0.0612452
2 4.19144 0.779684 18.784 0.0435544
2.05 4.2122 0.62257 18.5178 0.0287679
2.1 4.2277 0.464678 18.3053 0.0169594
2.15 4.23791 0.306206 18.1474 0.00818802
2.2 4.24282 0.147351 18.045 0.00249759
2.25 4.24243 -0.0116889 17.9985 -8.34422e-05
2.3 4.23674 -0.170714 18.0082 0.000457816
2.35 4.22575 -0.329525 18.0741 0.00411866
2.4 4.20948 -0.487925 18.1959 0.0108808
2.45 4.18795 -0.645715 18.3728 0.0207104
2.5 4.16118 -0.802697 18.6041 0.0335584
2.55 4.12921 -0.958676 18.8885 0.0493605
2.6 4.09208 -1.11346 19.2247 0.0680378
2.65 4.04983 -1.26685 19.6109 0.0894968
2.7 4.00252 -1.41865 20.0453 0.11363
2.75 3.95021 -1.56868 20.5257 0.140318
2.8 3.89296 -1.71675 21.0497 0.169426
2.85 3.83085 -1.86268 21.6146 0.200809
2.9 3.76395 -2.00628 22.2176 0.23431
2.95 3.69234 -2.14737 22.8557 0.269762
3 3.61611 -2.28577 23.5258 0.306987
3.05 3.53537 -2.42132 24.2244 0.3458
3.1 3.4502 -2.55384 24.9481 0.386006
3.15 3.36073 -2.68317 25.6933 0.427405
3.2 3.26705 -2.80914 26.4562 0.469789
3.25 3.16929 -2.93161 27.233 0.512947
3.3 3.06757 -3.05041 28.0199 0.556663
3.35 2.96201 -3.16539 28.8129 0.600718
3.4 2.85275 -3.27642 29.6081 0.644892
3.45 2.73993 -3.38335 30.4014 0.688965
3.5 2.62368 -3.48606 31.1889 0.732716
3.55 2.50415 -3.58441 31.9667 0.775926
3.6 2.38149 -3.67827 32.7308 0.81838
3.65 2.25585 -3.76754 33.4776 0.859865
3.7 2.12739 -3.8521 34.2031 0.900174
3.75 1.99628 -3.93184 34.9039 0.939106
3.8 1.86266 -4.00667 35.5764 0.976465
3.85 1.72672 -4.07649 36.2172 1.01207
3.9 1.58863 -4.14122 36.8231 1.04573
3.95 1.44854 -4.20077 37.3912 1.07729
4 1.30665 -4.25506 37.9185 1.10658
4.05 1.16312 -4.30404 38.4024 1.13347
4.1 1.01814 -4.34764 38.8406 1.15781
4.15 0.871883 -4.38581 39.2308 1.17949
4.2 0.724539 -4.41849 39.571 1.19839
4.25 0.576289 -4.44565 39.8597 1.21443
4.3 0.427318 -4.46725 40.0952 1.22751
4.35 0.277814 -4.48327 40.2766 1.23759
4.4 0.127962 -4.49368 40.4027 1.2446
4.45 -0.0220499 -4.49848 40.4731 1.2485
4.5 -0.172034 -4.49765 40.4873 1.2493
4.55 -0.321803 -4.4912 40.4454 1.24696
4.6 -0.47117 -4.47914 40.3474 1.24152
4.65 -0.619948 -4.46148 40.1939 1.233
4.7 -0.767951 -4.43824 39.9857 1.22143
4.75 -0.914994 -4.40945 39.7238 1.20688
4.8 -1.06089 -4.37516 39.4095 1.18942
4.85 -1.20547 -4.33539 39.0443 1.16913
4.9 -1.34853 -4.2902 38.6302 1.14612
4.95 -1.48991 -4.23965 38.1692 1.12051
5 -1.62943 -4.18381 37.6635 1.09242
5.05 -1.76691 -4.12273 37.1157 1.06199
5.1 -1.90219 -4.0565 36.5286 1.02937
5.15 -2.03508 -3.98519 35.9051 0.994727
5.2 -2.16543 -3.90891 35.2482 0.958236
5.25 -2.29308 -3.82774 34.5614 0.920077
5.3 -2.41786 -3.74178 33.8479 0.880441
5.35 -2.53961 -3.65115 33.1115 0.839526
5.4 -2.65819 -3.55596 32.3557 0.797536
5.45 -2.77345 -3.45632 31.5843 0.754682
5.5 -2.88524 -3.35236 30.8012 0.711178
5.55 -2.99343 -3.2442 30.0103 0.667241
5.6 -3.09787 -3.132 29.2156 0.62309
5.65 -3.19844 -3.01588 28.421 0.578947
5.7 -3.29502 -2.89598 27.6306 0.535032
5.75 -3.38747 -2.77247 26.8482 0.491564
5.8 -3.47569 -2.6455 26.0777 0.448762
5.85 -3.55957 -2.51521 25.3231 0.406838
5.9 -3.63899 -2.38178 24.588 0.366002
5.95 -3.71387 -2.24538 23.8763 0.326459
6 -3.7841 -2.10617 23.1913 0.288406
6.05 -3.84961 -1.96432 22.5366 0.252033
6.1 -3.9103 -1.82002 21.9154 0.217522
6.15 -3.96611 -1.67345 21.3308 0.185046
6.2 -4.01695 -1.52478 20.7858 0.154767
6.25 -4.06278 -1.37421 20.283 0.126836
6.3 -4.10353 -1.22191 19.8251 0.101393
6.35 -4.13914 -1.0681 19.4142 0.0785651
6.4 -4.16959 -0.912944 19.0524 0.0584664
6.45 -4.19482 -0.756649 18.7416 0.0411973
6.5 -4.21481 -0.599409 18.4832 0.0268441
6.55 -4.22953 -0.441419 18.2786 0.0154787
6.6 -4.23896 -0.282878 18.1288 0.00715772
6.65 -4.2431 -0.123983 18.0346 0.00192286
6.7 -4.24193 0.0350664 17.9964 -0.000199722
6.75 -4.23546 0.194072 18.0144 0.000800565
6.8 -4.22369 0.352836 18.0885 0.00491873
6.85 -4.20664 0.511158 18.2184 0.0121342
6.9 -4.18434 0.668842 18.4034 0.0224109
6.95 -4.15681 0.825689 18.6426 0.0356974
7 -4.12407 0.981504 18.9347 0.0519274
7.05 -4.08619 1.13609 19.2784 0.0710197
7.1 -4.0432 1.28926 19.6718 0.0928788
7.15 -3.99515 1.44082 20.1131 0.117396
7.2 -3.94211 1.59057 20.6001 0.144448
7.25 -3.88414 1.73834 21.1302 0.173899
7.3 -3.82131 1.88394 21.7009 0.205604
7.35 -3.75371 2.02717 22.3092 0.239402
7.4 -3.68142 2.16788 22.9523 0.275126
7.45 -3.60453 2.30588 23.6267 0.312597
7.5 -3.52313 2.44099 24.3293 0.351627
7.55 -3.43732 2.57305 25.0564 0.392021
7.6 -3.34722 2.7019 25.8044 0.433577
7.65 -3.25294 2.82737 26.5696 0.476088
7.7 -3.15459 2.9493 27.3482 0.519342
7.75 -3.05229 3.06755 28.1362 0.563121
7.8 -2.94618 3.18196 28.9297 0.607208
7.85 -2.83639 3.2924 29.7249 0.651381
7.9 -2.72305 3.39872 30.5176 0.69542
7.95 -2.60631 3.50079 31.3039 0.739106
8 -2.48631 3.59849 32.0799 0.782218
8.05 -2.3632 3.69168 32.8418 0.824543
8.1 -2.23714 3.78027 33.5856 0.865868
8.15 -2.10828 3.86412 34.3078 0.905987
8.2 -1.97679 3.94315 35.0046 0.944699
8.25 -1.84283 4.01725 35.6726 0.981812
8.3 -1.70656 4.08633 36.3085 1.01714
8.35 -1.56816 4.1503 36.909 1.0505
8.4 -1.4278 4.20908 37.4713 1.08174
8.45 -1.28565 4.2626 37.9924 1.11069
8.5 -1.1419 4.31079 38.4698 1.13721
8.55 -0.996718 4.35359 38.901 1.16117
8.6 -0.850292 4.39095 39.284 1.18244
8.65 -0.702803 4.42283 39.6167 1.20093
8.7 -0.554435 4.44917 39.8977 1.21654
8.75 -0.405375 4.46995 40.1253 1.22918
8.8 -0.255807 4.48515 40.2986 1.23881
8.85 -0.10592 4.49474 40.4166 1.24536
8.9 0.0440993 4.49871 40.4787 1.24882
8.95 0.194064 4.49706 40.4847 1.24915
9 0.343785 4.48978 40.4345 1.24636
9.05 0.493077 4.47689 40.3283 1.24046
9.1 0.641753 4.45841 40.1667 1.23148
9.15 0.789627 4.43436 39.9505 1.21947
9.2 0.936513 4.40476 39.6808 1.20449
9.25 1.08223 4.36965 39.359 1.18661
9.3 1.22659 4.32909 38.9865 1.16592
9.35 1.36942 4.28311 38.5653 1.14252
9.4 1.51054 4.23178 38.0976 1.11653
9.45 1.64977 4.17515 37.5856 1.08809
9.5 1.78694 4.11331 37.0319 1.05733
9.55 1.92187 4.04633 36.4392 1.0244
9.6 2.0544 3.97429 35.8106 0.989476
9.65 2.18437 3.89728 35.1491 0.952728
9.7 2.3116 3.8154 34.4581 0.914339
9.75 2.43594 3.72876 33.7411 0.874503
9.8 2.55724 3.63745 33.0015 0.833417
9.85 2.67534 3.54159 32.2432 0.791287
9.9 2.7901 3.44131 31.4698 0.748324
9.95 2.90137 3.33672 30.6854 0.704742
10 3.00902 3.22796 29.8937 0.66076
10.05 3.1129 3.11517 29.0987 0.616597
10.1 3.21289 2.99849 28.3045 0.572473
10.15 3.30886 2.87805 27.515 0.52861
10.2 3.4007 2.75402 26.7341 0.485227
10.25 3.48829 2.62655 25.9657 0.44254
10.3 3.57152 2.49579 25.2137 0.400763
10.35 3.65028 2.36192 24.4819 0.360105
10.4 3.72448 2.22509 23.7738 0.320768
10.45 3.79403 2.08548 23.0931 0.28295
10.5 3.85883 1.94326 22.4431 0.24684
10.55 3.91881 1.79862 21.8271 0.212618
10.6 3.97389 1.65172 21.2482 0.180454
10.65 4.024 1.50276 20.7092 0.150511
10.7 4.06909 1.35193 20.2129 0.122938
10.75 4.10908 1.1994 19.7617 0.0978712
10.8 4.14394 1.04537 19.3579 0.0754376
10.85 4.17362 0.89004 19.0035 0.0557487
10.9 4.19809 0.733594 18.7003 0.0389031
10.95 4.2173 0.576232 18.4497 0.0249849
11 4.23125 0.418149 18.2531 0.0140637
11.05 4.2399 0.259543 18.1115 0.0061941
11.1 4.24326 0.100613 18.0255 0.00141539
11.15 4.24131 -0.058443 17.9955 -0.000248521
11.2 4.23406 -0.217426 18.0218 0.00121069
11.25 4.22151 -0.376137 18.1041 0.00578572
11.3 4.20369 -0.534378 18.2422 0.0134537
11.35 4.18062 -0.69195 18.4352 0.0241763
11.4 4.15232 -0.848658 18.6822 0.0379
11.45 4.11883 -1.00431 18.982 0.0545561
11.5 4.08019 -1.1587 19.3331 0.0740613
11.55 4.03645 -1.31164 19.7337 0.0963183
11.6 3.98766 -1.46294 20.1819 0.121216
11.65 3.93389 -1.61242 20.6753 0.148629
11.7 3.87521 -1.75988 21.2116 0.178421
11.75 3.81168 -1.90514 21.788 0.210444
11.8 3.74338 -2.04802 22.4017 0.244536
11.85 3.67041 -2.18834 23.0495 0.280528
11.9 3.59284 -2.32592 23.7283 0.31824
11.95 3.51079 -2.46059 24.4347 0.357482
12 3.42435 -2.59219 25.1651 0.39806
12.05 3.33362 -2.72055 25.9159 0.43977
12.1 3.23873 -2.84551 26.6833 0.482404
12.15 3.1398 -2.96691 27.4635 0.525748
12.2 3.03693 -3.08461 28.2526 0.569587
12.25 2.93027 -3.19844 29.0466 0.6137
12.3 2.81995 -3.30828 29.8416 0.657867
12.35 2.7061 -3.41399 30.6336 0.701868
12.4 2.58887 -3.51542 31.4187 0.745483
12.45 2.46841 -3.61247 32.1929 0.788493
12.5 2.34486 -3.70499 32.9523 0.830684
12.55 2.21838 -3.79289 33.6932 0.871845
12.6 2.08912 -3.87604 34.4119 0.91177
12.65 1.95725 -3.95435 35.1047 0.950259
12.7 1.82294 -4.02772 35.7682 0.98712
12.75 1.68635 -4.09605 36.399 1.02217
12.8 1.54765 -4.15926 36.9942 1.05523
12.85 1.40701 -4.21728 37.5505 1.08614
12.9 1.26462 -4.27002 38.0653 1.11474
12.95 1.12065 -4.31742 38.5361 1.14089
13 0.975271 -4.35943 38.9604 1.16446
13.05 0.828678 -4.39598 39.3361 1.18534
13.1 0.681048 -4.42705 39.6613 1.20341
13.15 0.532567 -4.45258 39.9345 1.21858
13.2 0.38342 -4.47254 40.1542 1.23079
13.25 0.233794 -4.48691 40.3194 1.23997
13.3 0.0838757 -4.49567 40.4292 1.24607
13.35 -0.0661474 -4.49882 40.4831 1.24906
13.4 -0.216088 -4.49634 40.4808 1.24893
13.45 -0.365758 -4.48824 40.4224 1.24569
13.5 -0.514971 -4.47453 40.308 1.23933
13.55 -0.663541 -4.45523 40.1383 1.22991
13.6 -0.811281 -4.43035 39.9142 1.21746
13.65 -0.958007 -4.39994 39.6368 1.20204
13.7 -1.10353 -4.36403 39.3073 1.18374
13.75 -1.24768 -4.32267 38.9276 1.16265
13.8 -1.39027 -4.2759 38.4995 1.13886
13.85 -1.53112 -4.22378 38.0251 1.1125
13.9 -1.67006 -4.16639 37.5067 1.08371
13.95 -1.80691 -4.10379 36.9471 1.05262
14 -1.9415 -4.03606 36.349 1.01939
14.05 -2.07367 -3.96328 35.7153 0.984185
14.1 -2.20324 -3.88555 35.0493 0.947184
14.15 -2.33006 -3.80297 34.3543 0.908571
14.2 -2.45396 -3.71563 33.6337 0.868538
14.25 -2.5748 -3.62364 32.8911 0.827286
14.3 -2.69242 -3.52712 32.1304 0.78502
14.35 -2.80668 -3.4262 31.3551 0.741952
14.4 -2.91742 -3.32099 30.5694 0.698298
14.45 -3.02452 -3.21164 29.777 0.654275
14.5 -3.12784 -3.09826 28.9819 0.610104
14.55 -3.22725 -2.98102 28.1881 0.566005
14.6 -3.32262 -2.86005 27.3996 0.522199
14.65 -3.41385 -2.7355 26.6203 0.478904
14.7 -3.5008 -2.60754 25.8541 0.436338
14.75 -3.58338 -2.47631 25.1048 0.394712
14.8 -3.66148 -2.34199 24.3762 0.354236
14.85 -3.735 -2.20474 23.672 0.31511
14.9 -3.80385 -2.06474 22.9956 0.277532
14.95 -3.86795 -1.92215 22.3504 0.241688
15 -3.92721 -1.77716 21.7396 0.207758
15.05 -3.98157 -1.62996 21.1664 0.175911
15.1 -4.03095 -1.48071 20.6335 0.146307
15.15 -4.07528 -1.32961 20.1437 0.119093
15.2 -4.11453 -1.17685 19.6993 0.0944063
15.25 -4.14863 -1.02262 19.3026 0.0723694
15.3 -4.17755 -0.867112 18.9557 0.0530926
15.35 -4.20124 -0.710519 18.6601 0.0366722
15.4 -4.21968 -0.553039 18.4174 0.0231905
15.45 -4.23285 -0.394866 18.2289 0.0127147
15.5 -4.24073 -0.236201 18.0954 0.00529728
15.55 -4.2433 -0.0772396 18.0176 0.000975222
15.6 -4.24057 0.081818 17.9959 -0.000229832
15.65 -4.23255 0.240773 18.0304 0.00168814
15.7 -4.21923 0.399428 18.121 0.00671955
15.75 -4.20063 0.557583 18.2671 0.0148392
15.8 -4.17679 0.715041 18.4681 0.0260066
15.85 -4.14772 0.871605 18.723 0.0401659
15.9 -4.11347 1.02708 19.0304 0.0572463
15.95 -4.07408 1.18127 19.3889 0.0771624
16 -4.02959 1.33398 19.7967 0.0998148
16.05 -3.98007 1.48503 20.2516 0.12509
16.1 -3.92558 1.63422 20.7515 0.152862
16.15 -3.86617 1.78137 21.2938 0.182992
16.2 -3.80194 1.92629 21.8759 0.215329
16.25 -3.73295 2.0688 22.4948 0.249711
16.3 -3.65929 2.20873 23.1474 0.285967
16.35 -3.58106 2.3459 23.8305 0.323916
16.4 -3.49836 2.48013 24.5406 0.363367
16.45 -3.41128 2.61127 25.2742 0.404124
16.5 -3.31994 2.73914 26.0277 0.445983
16.55 -3.22444 2.86358 26.7972 0.488735
16.6 -3.12492 2.98445 27.579 0.532166
16.65 -3.02149 3.10158 28.369 0.576058
16.7 -2.91429 3.21484 29.1635 0.620193
16.75 -2.80344 3.32408 29.9583 0.66435
16.8 -2.68908 3.42917 30.7495 0.708308
16.85 -2.57137 3.52997 31.5332 0.751847
16.9 -2.45044 3.62635 32.3055 0.79475
16.95 -2.32645 3.7182 33.0625 0.836803
17 -2.19955 3.80541 33.8003 0.877795
17.05 -2.0699 3.88786 34.5154 0.917521
17.1 -1.93766 3.96545 35.2041 0.955783
17.15 -1.803 4.03808 35.863 0.992389
17.2 -1.66609 4.10566 36.4888 1.02716
17.25 -1.5271 4.16812 37.0784 1.05991
17.3 -1.38619 4.22536 37.6288 1.09049
17.35 -1.24356 4.27732 38.1374 1.11874
17.4 -1.09936 4.32393 38.6014 1.14452
17.45 -0.953799 4.36514 39.0187 1.1677
17.5 -0.807041 4.40089 39.3871 1.18817
17.55 -0.659274 4.43115 39.7048 1.20582
17.6 -0.510684 4.45586 39.9702 1.22056
17.65 -0.361455 4.475 40.1819 1.23233
17.7 -0.211774 4.48855 40.339 1.24106
17.75 -0.0618289 4.49649 40.4406 1.2467
17.8 0.0881938 4.49881 40.4863 1.24924
17.85 0.238106 4.4955 40.4757 1.24865
17.9 0.387721 4.48658 40.409 1.24495
17.95 0.536851 4.47204 40.2865 1.23814
18 0.68531 4.45192 40.1088 1.22827
18.05 0.832913 4.42623 39.8768 1.21538
18.1 0.979474 4.39501 39.5916 1.19953
18.15 1.12481 4.35829 39.2546 1.18081
18.2 1.26874 4.31613 38.8677 1.15932
18.25 1.41109 4.26857 38.4326 1.13514
18.3 1.55167 4.21568 37.9516 1.10842
18.35 1.69031 4.15752 37.427 1.07928
18.4 1.82684 4.09416 36.8616 1.04786
18.45 1.96108 4.02568 36.258 1.01433
18.5 2.09288 3.95217 35.6194 0.978855
18.55 2.22206 3.87372 34.9489 0.941606
18.6 2.34846 3.79042 34.2499 0.902771
18.65 2.47192 3.70239 33.5258 0.862547
18.7 2.5923 3.60974 32.7804 0.821132
18.75 2.70943 3.51257 32.0172 0.778736
18.8 2.82318 3.411 31.2402 0.735568
18.85 2.9334 3.30518 30.4532 0.691846
18.9 3.03995 3.19522 29.6602 0.647788
18.95 3.1427 3.08127 28.865 0.603613
19 3.24152 2.96347 28.0718 0.559543
19.05 3.33629 2.84196 27.2844 0.515799
19.1 3.4269 2.7169 26.5068 0.472598
19.15 3.51321 2.58845 25.7428 0.430156
19.2 3.59514 2.45676 24.9964 0.388686
19.25 3.67257 2.322 24.2711 0.348396
19.3 3.74541 2.18433 23.5707 0.309486
19.35 3.81357 2.04394 22.8987 0.272151
19.4 3.87697 1.90099 22.2584 0.236577
19.45 3.93551 1.75566 21.653 0.202943
19.5 3.98914 1.60814 21.0855 0.171416
19.55 4.03778 1.45861 20.5588 0.142154
19.6 4.08137 1.30726 20.0755 0.115304
19.65 4.11987 1.15427 19.638 0.0909986
19.7 4.15321 0.999841 19.2485 0.0693608
19.75 4.18136 0.844161 18.909 0.0504981
19.8 4.20428 0.687426 18.6211 0.0345049
19.85 4.22195 0.529831 18.3863 0.021461
19.9 4.23434 0.371574 18.2058 0.0114318
19.95 4.24144 0.212852 18.0804 0.00446734
20 4.24323 0.0538642 18.0108 0.00060241
20.05 4.23973 -0.105191 17.9974 -0.000143658
20.1 4.23092 -0.264114 18.0402 0.00223287
20.15 4.21682 -0.422708 18.139 0.00772011
20.2 4.19746 -0.580773 18.2932 0.0162906
20.25 4.17284 -0.738112 18.5022 0.0279016
20.3 4.14301 -0.894528 18.7649 0.042495
20.35 4.108 -1.04983 19.08 0.0599979
20.4 4.06786 -1.20381 19.4458 0.0803227
20.45 4.02263 -1.35629 19.8606 0.103368
20.5 3.97237 -1.50708 20.3223 0.129018
20.55 3.91715 -1.65598 20.8286 0.157146
20.6 3.85703 -1.80281 21.377 0.18761
20.65 3.79209 -1.94739 21.9646 0.220257
20.7 3.72241 -2.08954 22.5887 0.254926
20.75 3.64808 -2.22907 23.246 0.291443
20.8 3.56919 -2.36581 23.9332 0.329624
20.85 3.48583 -2.4996 24.647 0.36928
20.9 3.39812 -2.63027 25.3838 0.410212
20.95 3.30616 -2.75764 26.1399 0.452216
21 3.21007 -2.88157 26.9114 0.495081
21.05 3.10996 -3.0019 27.6947 0.538593
21.1 3.00597 -3.11847 28.4856 0.582535
21.15 2.89822 -3.23115 29.2804 0.626687
21.2 2.78685 -3.33979 30.0749 0.670828
21.25 2.67199 -3.44425 30.8653 0.714738
21.3 2.55379 -3.54441 31.6476 0.758198
21.35 2.43241 -3.64014 32.4178 0.800989
21.4 2.30798 -3.73132 33.1722 0.842899
21.45 2.18066 -3.81783 33.9069 0.883718
21.5 2.05062 -3.89957 34.6183 0.923241
21.55 1.91802 -3.97644 35.3029 0.961271
21.6 1.78302 -4.04833 35.9571 0.997618
21.65 1.64579 -4.11517 36.5778 1.0321
21.7 1.5065 -4.17686 37.1618 1.06455
21.75 1.36533 -4.23333 37.7063 1.09479
21.8 1.22246 -4.28451 38.2084 1.12269
21.85 1.07805 -4.33033 38.6657 1.1481
21.9 0.9323 -4.37074 39.0759 1.17088
21.95 0.785383 -4.40569 39.437 1.19094
22 0.637483 -4.43513 39.7471 1.20817
22.05 0.488787 -4.45902 40.0047 1.22248
22.1 0.33948 -4.47734 40.2085 1.2338
22.15 0.189749 -4.49007 40.3574 1.24208
22.2 0.0397805 -4.49718 40.4509 1.24727
22.25 -0.110238 -4.49867 40.4883 1.24935
22.3 -0.260118 -4.49454 40.4695 1.2483
22.35 -0.409674 -4.48479 40.3945 1.24414
22.4 -0.558717 -4.46943 40.2638 1.23688
22.45 -0.707062 -4.44849 40.0781 1.22656
22.5 -0.854523 -4.42199 39.8381 1.21323
22.55 -1.00092 -4.38996 39.5453 1.19696
22.6 -1.14606 -4.35244 39.2009 1.17783
22.65 -1.28977 -4.30948 38.8067 1.15593
22.7 -1.43186 -4.26113 38.3647 1.13137
22.75 -1.57217 -4.20746 37.8771 1.10429
22.8 -1.71051 -4.14853 37.3464 1.0748
22.85 -1.84672 -4.08441 36.7752 1.04306
22.9 -1.98061 -4.01519 36.1663 1.00924
22.95 -2.11203 -3.94094 35.5228 0.973487
23 -2.24081 -3.86178 34.8479 0.935993
23.05 -2.36679 -3.77778 34.145 0.896942
23.1 -2.48981 -3.68906 33.4175 0.85653
23.15 -2.60972 -3.59573 32.6692 0.814958
23.2 -2.72636 -3.49791 31.9038 0.772434
23.25 -2.8396 -3.39572 31.1251 0.729172
23.3 -2.94929 -3.28927 30.337 0.685387
23.35 -3.05529 -3.17872 29.5433 0.641297
23.4 -3.15747 -3.0642 28.7482 0.597124
23.45 -3.25571 -2.94584 27.9556 0.553088
23.5 -3.34987 -2.8238 27.1694 0.50941
23.55 -3.43985 -2.69823 26.3935 0.466307
23.6 -3.52553 -2.56929 25.6319 0.423995
23.65 -3.6068 -2.43714 24.8884 0.382686
23.7 -3.68357 -2.30194 24.1665 0.342586
23.75 -3.75573 -2.16387 23.4701 0.303895
23.8 -3.82319 -2.02309 22.8025 0.266807
23.85 -3.88588 -1.87978 22.1671 0.231508
23.9 -3.9437 -1.73412 21.5671 0.198173
23.95 -3.9966 -1.58629 21.0055 0.16697
24 -4.0445 -1.43648 20.485 0.138053
24.05 -4.08735 -1.28487 20.0082 0.111569
24.1 -4.12509 -1.13166 19.5777 0.0876486
24.15 -4.15767 -0.977035 19.1954 0.0664121
24.2 -4.18505 -0.821187 18.8634 0.0479656
24.25 -4.20721 -0.664313 18.5832 0.0324012
24.3 -4.2241 -0.506608 18.3563 0.0197967
24.35 -4.23572 -0.348271 18.1839 0.0102151
24.4 -4.24203 -0.189497 18.0667 0.00370438
24.45 -4.24305 -0.0304874 18.0053 0.000296992
24.5 -4.23876 0.128561 18.0002 9.99125e-06
24.55 -4.22918 0.287448 18.0512 0.00284482
24.6 -4.21431 0.445976 18.1582 0.0087873
24.65 -4.19417 0.603947 18.3205 0.0178077
24.7 -4.16878 0.761163 18.5375 0.029861
24.75 -4.13819 0.917427 18.808 0.0448869
24.8 -4.10242 1.07254 19.1306 0.0628104
24.85 -4.06153 1.22632 19.5038 0.0835417
24.9 -4.01556 1.37857 19.9256 0.106977
24.95 -3.96457 1.52909 20.394 0.133
25 -3.90862 1.6777 20.9066 0.16148
25.05 -3.84779 1.82421 21.4609 0.192275
25.1 -3.78215 1.96844 22.0541 0.22523
25.15 -3.71178 2.11021 22.6833 0.260182
25.2 -3.63677 2.24934 23.3452 0.296954
25.25 -3.55721 2.38567 24.0366 0.335365
25.3 -3.47321 2.51901 24.754 0.375221
25.35 -3.38487 2.6492 25.4938 0.416323
25.4 -3.29229 2.77608 26.2524 0.458467
25.45 -3.1956 2.89949 27.0259 0.50144
25.5 -3.09492 3.01927 27.8105 0.545029
25.55 -2.99037 3.13528 28.6023 0.589016
25.6 -2.88207 3.24737 29.3972 0.63318
25.65 -2.77018 3.35541 30.1914 0.677301
25.7 -2.65482 3.45925 30.9809 0.721159
25.75 -2.53615 3.55876 31.7616 0.764534
25.8 -2.41431 3.65383 32.5298 0.807209
25.85 -2.28944 3.74433 33.2815 0.848972
25.9 -2.16172 3.83014 34.013 0.889612
25.95 -2.03129 3.91117 34.7207 0.928928
26 -1.89832 3.98732 35.401 0.966723
26.05 -1.76299 4.05847 36.0505 1.00281
26.1 -1.62544 4.12456 36.666 1.037
26.15 -1.48587 4.18549 37.2444 1.06913
26.2 -1.34444 4.24118 37.7828 1.09904
26.25 -1.20132 4.29158 38.2785 1.12658
26.3 -1.05671 4.33661 38.729 1.15161
26.35 -0.910776 4.37622 39.1321 1.17401
26.4 -0.763703 4.41036 39.4858 1.19365
26.45 -0.615675 4.43899 39.7883 1.21046
26.5 -0.466878 4.46206 40.038 1.22433
26.55 -0.317497 4.47957 40.2338 1.23521
26.6 -0.167719 4.49147 40.3747 1.24304
26.65 -0.017731 4.49775 40.4599 1.24777
26.7 0.132279 4.49842 40.489 1.24939
26.75 0.282123 4.49346 40.462 1.24789
26.8 0.431615 4.48288 40.3788 1.24327
26.85 0.580567 4.46671 40.24 1.23555
26.9 0.728794 4.44494 40.0462 1.22479
26.95 0.876109 4.41763 39.7984 1.21102
27 1.02233 4.38478 39.4978 1.19432
27.05 1.16727 4.34646 39.146 1.17478
27.1 1.31076 4.30271 38.7447 1.15248
27.15 1.4526 4.25358 38.2959 1.12755
27.2 1.59263 4.19913 37.8018 1.1001
27.25 1.73067 4.13943 37.2649 1.07027
27.3 1.86654 4.07455 36.688 1.03822
27.35 2.00009 4.00459 36.0738 1.0041
27.4 2.13113 3.92962 35.4255 0.968082
27.45 2.2595 3.84973 34.7462 0.930347
27.5 2.38506 3.76504 34.0395 0.891083
27.55 2.50763 3.67563 33.3088 0.850488
27.6 2.62707 3.58164 32.5577 0.808763
27.65 2.74322 3.48316 31.7901 0.766117
27.7 2.85595 3.38033 31.0098 0.722764
27.75 2.9651 3.27328 30.2206 0.678921
27.8 3.07055 3.16214 29.4265 0.634805
27.85 3.17216 3.04704 28.6315 0.590638
27.9 3.26981 2.92813 27.8395 0.546641
27.95 3.36336 2.80557 27.0546 0.503034
28 3.45272 2.67949 26.2806 0.460034
28.05 3.53775 2.55007 25.5214 0.417856
28.1 3.61837 2.41746 24.7808 0.376712
28.15 3.69446 2.28183 24.0625 0.336807
28.2 3.76594 2.14334 23.3701 0.29834
28.25 3.8327 2.00218 22.7071 0.261503
28.3 3.89468 1.85851 22.0767 0.226481
28.35 3.95179 1.71252 21.4821 0.19345
28.4 4.00396 1.56439 20.9263 0.162573
28.45 4.05112 1.41431 20.4121 0.134005
28.5 4.09322 1.26245 19.942 0.10789
28.55 4.1302 1.10902 19.5184 0.0843566
28.6 4.16202 0.954202 19.1434 0.0635238
28.65 4.18864 0.798191 18.8189 0.0454954
28.7 4.21002 0.641183 18.5465 0.0303615
28.75 4.22614 0.483373 18.3276 0.0181977
28.8 4.23698 0.324958 18.1632 0.00906481
28.85 4.24252 0.166138 18.0542 0.00300849
28.9 4.24275 0.00710981 18.0011 5.9003e-05
28.95 4.23769 -0.151927 18.0042 0.0002311
29 4.22732 -0.310774 18.0634 0.00352392
29.05 4.21168 -0.469233 18.1786 0.009921
29.1 4.19076 -0.627105 18.349 0.0193904
29.15 4.16461 -0.784193 18.5739 0.0318847
29.2 4.13326 -0.940301 18.8521 0.0473415
29.25 4.09673 -1.09523 19.1823 0.0656836
29.3 4.05509 -1.2488 19.5627 0.0868192
29.35 4.00838 -1.4008 19.9916 0.110643
29.4 3.95665 -1.55105 20.4666 0.137035
29.45 3.89999 -1.69936 20.9856 0.165864
29.5 3.83844 -1.84555 21.5458 0.196987
29.55 3.7721 -1.98943 22.1444 0.230246
29.6 3.70104 -2.13083 22.7786 0.265476
29.65 3.62536 -2.26956 23.445 0.302502
29.7 3.54514 -2.40545 24.1405 0.341137
29.75 3.4605 -2.53834 24.8614 0.381188
29.8 3.37152 -2.66806 25.6042 0.422457
29.85 3.27834 -2.79444 26.3652 0.464735
29.9 3.18105 -2.91732 27.1406 0.507813
29.95 3.07979 -3.03656 27.9265 0.551474
30 2.97468 -3.15201 28.719 0.595501
30.05 2.86585 -3.26351 29.5141 0.639672
30.1 2.75344 -3.37093 30.3078 0.683769
30.15 2.63759 -3.47415 31.0962 0.727569
30.2 2.51844 -3.57301 31.8754 0.770855
30.25 2.39614 -3.66742 32.6414 0.813409
30.3 2.27085 -3.75723 33.3904 0.85502
30.35 2.14271 -3.84236 34.1186 0.895478
30.4 2.0119 -3.92267 34.8225 0.934583
30.45 1.87858 -3.99809 35.4985 0.972138
30.5 1.74291 -4.06851 36.1432 1.00796
30.55 1.60505 -4.13384 36.7534 1.04186
30.6 1.46519 -4.194 37.3261 1.07367
30.65 1.32351 -4.24892 37.8584 1.10324
30.7 1.18016 -4.29853 38.3476 1.13042
30.75 1.03534 -4.34277 38.7913 1.15507
30.8 0.889228 -4.38158 39.1872 1.17707
30.85 0.742003 -4.41491 39.5335 1.19631
30.9 0.59385 -4.44273 39.8283 1.21268
30.95 0.444955 -4.46499 40.0702 1.22612
31 0.295504 -4.48167 40.258 1.23655
31.05 0.145684 -4.49274 40.3907 1.24393
31.1 -0.00431903 -4.4982 40.4677 1.24821
31.15 -0.154316 -4.49804 40.4886 1.24937
31.2 -0.304121 -4.49226 40.4532 1.2474
31.25 -0.453545 -4.48086 40.3619 1.24233
31.3 -0.602402 -4.46386 40.2149 1.23416
31.35 -0.750506 -4.44128 40.0131 1.22295
31.4 -0.897672 -4.41314 39.7575 1.20875
31.45 -1.04372 -4.3795 39.4493 1.19163
31.5 -1.18846 -4.34037 39.0901 1.17167
31.55 -1.33171 -4.29582 38.6816 1.14898
31.6 -1.4733 -4.24591 38.226 1.12367
31.65 -1.61305 -4.19068 37.7255 1.09586
31.7 -1.75078 -4.13022 37.1826 1.0657
31.75 -1.88632 -4.06459 36.6 1.03333
31.8 -2.01951 -3.99388 35.9806 0.998921
31.85 -2.15017 -3.91818 35.3275 0.962639
31.9 -2.27814 -3.83758 34.644 0.924667
31.95 -2.40326 -3.75219 33.9335 0.885196
32 -2.52538 -3.6621 33.1996 0.844421
32.05 -2.64435 -3.56744 32.4459 0.802548
32.1 -2.76001 -3.46832 31.6761 0.759785
32.15 -2.87222 -3.36486 30.8942 0.716346
32.2 -2.98084 -3.2572 30.1041 0.672449
32.25 -3.08573 -3.14546 29.3096 0.628312
32.3 -3.18676 -3.0298 28.5148 0.584156
32.35 -3.28381 -2.91034 27.7236 0.540203
32.4 -3.37676 -2.78725 26.9401 0.496671
32.45 -3.46549 -2.66068 26.168 0.453778
32.5 -3.54988 -2.53078 25.4113 0.41174
32.55 -3.62984 -2.39771 24.6738 0.370765
32.6 -3.70526 -2.26165 23.959 0.331058
32.65 -3.77605 -2.12276 23.2707 0.292819
32.7 -3.84212 -1.98122 22.6123 0.256238
32.75 -3.90338 -1.8372 21.987 0.221498
32.8 -3.95977 -1.69088 21.3979 0.188773
32.85 -4.0112 -1.54245 20.8481 0.158226
32.9 -4.05763 -1.39209 20.3402 0.13001
32.95 -4.09898 -1.24 19.8768 0.104266
33 -4.1352 -1.08635 19.4602 0.0811229
33.05 -4.16626 -0.931343 19.0925 0.0606961
33.1 -4.19211 -0.775173 18.7756 0.0430878
33.15 -4.21272 -0.618035 18.5109 0.028386
33.2 -4.22806 -0.460124 18.3 0.0166642
33.25 -4.23812 -0.301637 18.1437 0.00798096
33.3 -4.24288 -0.142774 18.0428 0.00237972
33.35 -4.24234 0.016268 17.998 -0.000111532
33.4 -4.2365 0.17529 18.0094 0.000519644
33.45 -4.22536 0.334092 18.0769 0.0042701
33.5 -4.20893 0.492477 18.2002 0.0111211
33.55 -4.18725 0.650246 18.3787 0.0210384
33.6 -4.16033 0.807202 18.6115 0.0339724
33.65 -4.12821 0.96315 18.8975 0.0498584
33.7 -4.09093 1.11789 19.2351 0.0686171
33.75 -4.04854 1.27124 19.6228 0.0901548
33.8 -4.00109 1.423 20.0585 0.114364
33.85 -3.94863 1.57297 20.5402 0.141123
33.9 -3.89124 1.72099 21.0654 0.170298
33.95 -3.82899 1.86685 21.6314 0.201745
34 -3.76195 2.01037 22.2355 0.235304
34.05 -3.69021 2.15139 22.8746 0.27081
34.1 -3.61385 2.28971 23.5455 0.308083
34.15 -3.53298 2.42518 24.2449 0.346939
34.2 -3.44769 2.55761 24.9693 0.387182
34.25 -3.35809 2.68684 25.715 0.428612
34.3 -3.26429 2.81272 26.4784 0.471022
34.35 -3.16642 2.93508 27.2556 0.514198
34.4 -3.06458 3.05377 28.0427 0.557927
34.45 -2.95892 3.16864 28.8358 0.601989
34.5 -2.84955 3.27956 29.6309 0.646163
34.55 -2.73663 3.38637 30.4241 0.69023
34.6 -2.62028 3.48895 31.2114 0.733968
34.65 -2.50066 3.58717 31.9889 0.77716
34.7 -2.37791 3.68091 32.7526 0.819589
34.75 -2.25219 3.77004 33.4988 0.861043
34.8 -2.12365 3.85446 34.2237 0.901315
34.85 -1.99246 3.93407 34.9237 0.940204
34.9 -1.85878 4.00875 35.5953 0.977515
34.95 -1.72278 4.07843 36.2351 1.01306
35 -1.58462 4.14301 36.84 1.04667
35.05 -1.44448 4.2024 37.4069 1.07816
35.1 -1.30254 4.25655 37.933 1.10739
35.15 -1.15897 4.30537 38.4157 1.13421
35.2 -1.01394 4.34882 38.8525 1.15847
35.25 -0.867656 4.38682 39.2413 1.18007
35.3 -0.720283 4.41935 39.5801 1.19889
35.35 -0.572009 4.44635 39.8672 1.21484
35.4 -0.423021 4.46779 40.1012 1.22785
35.45 -0.273504 4.48365 40.281 1.23783
35.5 -0.123645 4.4939 40.4055 1.24475
35.55 0.0263689 4.49853 40.4743 1.24857
35.6 0.17635 4.49754 40.4869 1.24927
35.65 0.32611 4.49093 40.4433 1.24685
35.7 0.475462 4.47871 40.3437 1.24132
35.75 0.62422 4.46089 40.1887 1.2327
35.8 0.772198 4.43749 39.9789 1.22105
35.85 0.919211 4.40854 39.7155 1.20641
35.9 1.06507 4.37409 39.3997 1.18887
35.95 1.20961 4.33416 39.0331 1.16851
36 1.35263 4.28882 38.6176 1.14542
36.05 1.49396 4.23812 38.1552 1.11973
36.1 1.63342 4.18212 37.6483 1.09157
36.15 1.77084 4.12089 37.0994 1.06108
36.2 1.90605 4.05451 36.5112 1.0284
36.25 2.03887 3.98307 35.8866 0.993701
36.3 2.16915 3.90664 35.2289 0.95716
36.35 2.29671 3.82533 34.5412 0.918956
36.4 2.4214 3.73924 33.827 0.87928
36.45 2.54307 3.64848 33.09 0.838331
36.5 2.66156 3.55315 32.3336 0.796314
36.55 2.77672 3.45338 31.5619 0.753438
36.6 2.88841 3.3493 30.7785 0.709918
36.65 2.99649 3.24103 29.9875 0.665972
36.7 3.10082 3.12871 29.1927 0.621818
36.75 3.20128 3.01248 28.3982 0.577679
36.8 3.29774 2.89248 27.6079 0.533773
36.85 3.39007 2.76886 26.8258 0.490322
36.9 3.47817 2.64179 26.0557 0.447541
36.95 3.56191 2.51141 25.3016 0.405646
37 3.64121 2.3779 24.5672 0.364845
37.05 3.71596 2.24141 23.8561 0.325342
37.1 3.78606 2.10212 23.172 0.287334
37.15 3.85142 1.9602 22.5182 0.251013
37.2 3.91198 1.81583 21.898 0.216558
37.25 3.96764 1.66919 21.3146 0.184143
37.3 4.01834 1.52047 20.7707 0.153929
37.35 4.06402 1.36984 20.2692 0.126068
37.4 4.10462 1.21751 19.8126 0.100699
37.45 4.14009 1.06365 19.4031 0.0779479
37.5 4.17039 0.908459 19.0427 0.0579292
37.55 4.19547 0.752135 18.7334 0.0407429
37.6 4.21531 0.59487 18.4765 0.0264749
37.65 4.22987 0.436862 18.2735 0.0151963
37.7 4.23916 0.278308 18.1253 0.00696371
37.75 4.24314 0.119406 18.0327 0.00181817
37.8 4.24181 -0.0396454 17.9961 -0.000214595
37.85 4.23519 -0.198647 18.0158 0.000875592
37.9 4.22327 -0.357401 18.0915 0.00508328
37.95 4.20607 -0.515707 18.223 0.0123874
38 4.18362 -0.673369 18.4095 0.0227515
38.05 4.15594 -0.83019 18.6502 0.0361238
38.1 4.12306 -0.985972 18.9439 0.0524374
38.15 4.08502 -1.14052 19.289 0.0716107
38.2 4.04188 -1.29365 19.6839 0.093548
38.25 3.99369 -1.44515 20.1265 0.11814
38.3 3.94051 -1.59486 20.6147 0.145263
38.35 3.8824 -1.74256 21.1461 0.174781
38.4 3.81943 -1.88809 21.7179 0.206548
38.45 3.7517 -2.03126 22.3273 0.240405
38.5 3.67927 -2.17189 22.9713 0.276181
38.55 3.60225 -2.30981 23.6466 0.313699
38.6 3.52072 -2.44483 24.3499 0.352771
38.65 3.43479 -2.57681 25.0776 0.393202
38.7 3.34457 -2.70556 25.8262 0.434789
38.75 3.25016 -2.83093 26.5918 0.477324
38.8 3.1517 -2.95276 27.3707 0.520596
38.85 3.04929 -3.0709 28.159 0.564387
38.9 2.94307 -3.1852 28.9526 0.608479
38.95 2.83318 -3.29552 29.7477 0.652652
39 2.71974 -3.40172 30.5403 0.696684
39.05 2.6029 -3.50366 31.3264 0.740356
39.1 2.48281 -3.60123 32.1021 0.783449
39.15 2.35961 -3.6943 32.8635 0.825748
39.2 2.23347 -3.78275 33.6067 0.867041
39.25 2.10453 -3.86647 34.3282 0.907122
39.3 1.97297 -3.94535 35.0242 0.945791
39.35 1.83894 -4.01931 35.6914 0.982854
39.4 1.7026 -4.08824 36.3263 1.01813
39.45 1.56414 -4.15206 36.9258 1.05143
39.5 1.42373 -4.21069 37.4869 1.0826
39.55 1.28153 -4.26406 38.0068 1.11149
39.6 1.13774 -4.3121 38.4828 1.13793
39.65 0.992519 -4.35475 38.9127 1.16182
39.7 0.84606 -4.39195 39.2943 1.18301
39.75 0.698543 -4.42366 39.6256 1.20142
39.8 0.550153 -4.44985 39.905 1.21694
39.85 0.401075 -4.47047 40.1311 1.2295
39.9 0.251496 -4.4855 40.3027 1.23904
39.95 0.101602 -4.49493 40.4191 1.24551
40 -0.0484181 -4.49874 40.4797 1.24887
40.05 -0.198378 -4.49692 40.484 1.24911
40.1 -0.34809 -4.48949 40.4322 1.24623
40.15 -0.497367 -4.47644 40.3244 1.24025
40.2 -0.646022 -4.4578 40.1613 1.23118
40.25 -0.79387 -4.43358 39.9435 1.21908
40.3 -0.940725 -4.40382 39.6723 1.20402
40.35 -1.0864 -4.36856 39.3489 1.18605
40.4 -1.23073 -4.32784 38.9751 1.16528
40.45 -1.37351 -4.28171 38.5525 1.14181
40.5 -1.51457 -4.23022 38.0835 1.11575
40.55 -1.65375 -4.17345 37.5702 1.08723
40.6 -1.79085 -4.11146 37.0153 1.05641
40.65 -1.92572 -4.04433 36.4216 1.02342
40.7 -2.05818 -3.97214 35.792 0.988442
40.75 -2.18807 -3.89499 35.1296 0.951645
40.8 -2.31522 -3.81298 34.4378 0.913212
40.85 -2.43948 -3.72619 33.7201 0.873337
40.9 -2.56069 -3.63475 32.9799 0.832218
40.95 -2.6787 -3.53876 32.2211 0.790061
41 -2.79335 -3.43835 31.4474 0.747077
41.05 -2.90452 -3.33365 30.6627 0.703481
41.1 -3.01206 -3.22477 29.8708 0.65949
41.15 -3.11583 -3.11187 29.0758 0.615325
41.2 -3.21571 -2.99507 28.2817 0.571206
41.25 -3.31157 -2.87453 27.4924 0.527354
41.3 -3.40329 -2.7504 26.7118 0.483987
41.35 -3.49075 -2.62283 25.9438 0.441323
41.4 -3.57385 -2.49198 25.1924 0.399576
41.45 -3.65248 -2.35802 24.4611 0.358953
41.5 -3.72655 -2.22111 23.7538 0.319657
41.55 -3.79596 -2.08142 23.0739 0.281886
41.6 -3.86063 -1.93913 22.4249 0.245827
41.65 -3.92046 -1.79442 21.8099 0.211662
41.7 -3.9754 -1.64746 21.2321 0.179561
41.75 -4.02537 -1.49845 20.6943 0.149684
41.8 -4.07031 -1.34756 20.1992 0.12218
41.85 -4.11016 -1.19499 19.7494 0.097188
41.9 -4.14487 -1.04092 19.347 0.0748319
41.95 -4.1744 -0.885551 18.994 0.0552236
42 -4.19871 -0.729076 18.6923 0.0384612
42.05 -4.21778 -0.57169 18.4433 0.0246283
42.1 -4.23157 -0.413589 18.2483 0.0137943
42.15 -4.24007 -0.254971 18.1082 0.00601317
42.2 -4.24328 -0.0960348 18.0238 0.00132387
42.25 -4.24117 0.0630217 17.9955 -0.000250175
42.3 -4.23377 0.221999 18.0234 0.00129891
42.35 -4.22108 0.3807 18.1073 0.00596337
42.4 -4.2031 0.538924 18.247 0.0137199
42.45 -4.17988 0.696475 18.4415 0.0245297
42.5 -4.15143 0.853155 18.6901 0.0383388
42.55 -4.11779 1.00877 18.9914 0.0550782
42.6 -4.079 1.16312 19.344 0.0746641
42.65 -4.03512 1.31602 19.746 0.0969987
42.7 -3.98619 1.46727 20.1955 0.12197
42.75 -3.93227 1.61669 20.6902 0.149454
42.8 -3.87345 1.76409 21.2276 0.179313
42.85 -3.80978 1.90929 21.8051 0.211397
42.9 -3.74135 2.05209 22.4198 0.245547
42.95 -3.66824 2.19234 23.0686 0.281591
43 -3.59054 2.32984 23.7483 0.319349
43.05 -3.50836 2.46443 24.4554 0.358633
43.1 -3.42179 2.59593 25.1864 0.399246
43.15 -3.33095 2.7242 25.9377 0.440986
43.2 -3.23594 2.84906 26.7056 0.483643
43.25 -3.13689 2.97035 27.4861 0.527005
43.3 -3.03391 3.08794 28.2754 0.570854
43.35 -2.92715 3.20166 29.0695 0.614972
43.4 -2.81672 3.31139 29.8645 0.659137
43.45 -2.70278 3.41697 30.6563 0.70313
43.5 -2.58545 3.51828 31.4412 0.746731
43.55 -2.46489 3.61519 32.215 0.78972
43.6 -2.34126 3.70759 32.9739 0.831884
43.65 -2.21469 3.79535 33.7142 0.873012
43.7 -2.08536 3.87837 34.4322 0.912899
43.75 -1.95342 3.95653 35.1242 0.951343
43.8 -1.81904 4.02976 35.7868 0.988155
43.85 -1.68238 4.09794 36.4167 1.02315
43.9 -1.54363 4.16101 37.0107 1.05615
43.95 -1.40294 4.21887 37.5659 1.087
44 -1.2605 4.27146 38.0795 1.11553
44.05 -1.11648 4.31871 38.549 1.14161
44.1 -0.971067 4.36056 38.9719 1.1651
44.15 -0.824441 4.39696 39.3461 1.1859
44.2 -0.676784 4.42786 39.6699 1.20388
44.25 -0.528282 4.45323 39.9416 1.21898
44.3 -0.379118 4.47303 40.1597 1.2311
44.35 -0.229481 4.48724 40.3233 1.24019
44.4 -0.0795574 4.49584 40.4315 1.2462
44.45 0.0704659 4.49883 40.4838 1.2491
44.5 0.220401 4.49618 40.4799 1.24888
44.55 0.370061 4.48792 40.4198 1.24555
44.6 0.519258 4.47405 40.3039 1.23911
44.65 0.667806 4.45459 40.1327 1.22959
44.7 0.81552 4.42955 39.907 1.21705
44.75 0.962214 4.39899 39.628 1.20156
44.8 1.1077 4.36292 39.2971 1.18317
44.85 1.25181 4.3214 38.916 1.162
44.9 1.39435 4.27447 38.4864 1.13814
44.95 1.53515 4.22221 38.0107 1.11171
45 1.67403 4.16466 37.4912 1.08284
45.05 1.81082 4.10191 36.9304 1.05169
45.1 1.94534 4.03403 36.3312 1.0184
45.15 2.07744 3.96111 35.6966 0.983144
45.2 2.20693 3.88324 35.0297 0.946094
45.25 2.33367 3.80052 34.3339 0.907437
45.3 2.45749 3.71304 33.6126 0.867366
45.35 2.57823 3.62092 32.8695 0.826082
45.4 2.69576 3.52428 32.1082 0.78379
45.45 2.80992 3.42323 31.3327 0.740703
45.5 2.92056 3.3179 30.5466 0.697035
45.55 3.02755 3.20843 29.7541 0.653005
45.6 3.13076 3.09494 28.959 0.608832
45.65 3.23005 2.97759 28.1653 0.564739
45.7 3.32531 2.85651 27.377 0.520944
45.75 3.41641 2.73186 26.598 0.477668
45.8 3.50324 2.6038 25.8323 0.435125
45.85 3.58569 2.47249 25.0835 0.39353
45.9 3.66366 2.33808 24.3556 0.353089
45.95 3.73705 2.20075 23.6521 0.314006
46 3.80576 2.06067 22.9765 0.276475
46.05 3.86972 1.91801 22.3323 0.240683
46.1 3.92885 1.77296 21.7226 0.206811
46.15 3.98306 1.62569 21.1505 0.175027
46.2 4.03229 1.47638 20.6188 0.145489
46.25 4.07649 1.32524 20.1302 0.118347
46.3 4.11558 1.17243 19.6872 0.0937343
46.35 4.14954 1.01816 19.292 0.0717753
46.4 4.1783 0.862618 18.9464 0.0525795
46.45 4.20185 0.705997 18.6524 0.0362427
46.5 4.22014 0.548494 18.4112 0.0228466
46.55 4.23315 0.390305 18.2242 0.0124582
46.6 4.24088 0.231628 18.0923 0.00512944
46.65 4.2433 0.0726611 18.0161 0.000896892
46.7 4.24042 -0.0863963 17.9961 -0.000218267
46.75 4.23224 -0.245346 18.0322 0.00178954
46.8 4.21876 -0.403988 18.1244 0.00691028
46.85 4.20002 -0.562126 18.2721 0.0151184
46.9 4.17602 -0.719561 18.4747 0.0263727
46.95 4.14681 -0.876097 18.7311 0.0406172
47 4.11241 -1.03154 19.04 0.0577805
47.05 4.07287 -1.18569 19.4 0.0777768
47.1 4.02824 -1.33836 19.8091 0.100506
47.15 3.97857 -1.48935 20.2654 0.125855
47.2 3.92393 -1.63849 20.7665 0.153697
47.25 3.86439 -1.78557 21.3101 0.183892
47.3 3.80002 -1.93043 21.8932 0.216291
47.35 3.73089 -2.07287 22.5131 0.250729
47.4 3.6571 -2.21272 23.1667 0.287037
47.45 3.57874 -2.3498 23.8506 0.325031
47.5 3.49591 -2.48395 24.5614 0.364523
47.55 3.40871 -2.61499 25.2957 0.405315
47.6 3.31724 -2.74277 26.0496 0.447203
47.65 3.22163 -2.86711 26.8196 0.489977
47.7 3.122 -2.98787 27.6016 0.533424
47.75 3.01846 -3.1049 28.3919 0.577326
47.8 2.91114 -3.21804 29.1864 0.621465
47.85 2.80019 -3.32717 29.9811 0.665619
47.9 2.68574 -3.43213 30.7722 0.709568
47.95 2.56793 -3.5328 31.5557 0.753092
48 2.44691 -3.62906 32.3275 0.795974
48.05 2.32284 -3.72078 33.084 0.837999
48.1 2.19585 -3.80785 33.8212 0.878957
48.15 2.06613 -3.89016 34.5356 0.918644
48.2 1.93382 -3.96761 35.2235 0.956861
48.25 1.79909 -4.0401 35.8815 0.993416
48.3 1.66212 -4.10753 36.5063 1.02813
48.35 1.52307 -4.16984 37.0948 1.06082
48.4 1.38211 -4.22693 37.6441 1.09134
48.45 1.23943 -4.27874 38.1513 1.11952
48.5 1.09519 -4.3252 38.6141 1.14523
48.55 0.94959 -4.36625 39.03 1.16833
48.6 0.8028 -4.40184 39.3969 1.18872
48.65 0.655008 -4.43194 39.7131 1.20629
48.7 0.506396 -4.45649 39.977 1.22094
48.75 0.357152 -4.47547 40.1872 1.23262
48.8 0.207461 -4.48886 40.3427 1.24126
48.85 0.0575103 -4.49663 40.4427 1.24682
48.9 -0.0925119 -4.49879 40.4868 1.24927
48.95 -0.242418 -4.49532 40.4746 1.24859
49 -0.392022 -4.48624 40.4063 1.24479
49.05 -0.541135 -4.47154 40.2822 1.2379
49.1 -0.689572 -4.45126 40.1029 1.22794
49.15 -0.837148 -4.42541 39.8693 1.21496
49.2 -0.983676 -4.39403 39.5826 1.19903
49.25 -1.12898 -4.35716 39.2442 1.18023
49.3 -1.27286 -4.31484 38.8558 1.15866
49.35 -1.41516 -4.26712 38.4194 1.13441
49.4 -1.55569 -4.21408 37.9371 1.10761
49.45 -1.69427 -4.15576 37.4113 1.07841
49.5 -1.83074 -4.09226 36.8447 1.04693
49.55 -1.96491 -4.02363 36.2401 1.01334
49.6 -2.09663 -3.94998 35.6005 0.977807
49.65 -2.22573 -3.87139 34.9292 0.940509
49.7 -2.35205 -3.78796 34.2294 0.901632
49.75 -2.47543 -3.69979 33.5047 0.86137
49.8 -2.59571 -3.607 32.7586 0.819925
49.85 -2.71275 -3.5097 31.995 0.777503
49.9 -2.8264 -3.40802 31.2177 0.734316
49.95 -2.93651 -3.30207 30.4305 0.690581
50 -3.04296 -3.192 29.6373 0.646516
50.05 -3.1456 -3.07793 28.8422 0.602342
50.1 -3.24431 -2.96002 28.049 0.558278
50.15 -3.33896 -2.83841 27.2618 0.514546
50.2 -3.42944 -2.71325 26.4846 0.471364
50.25 -3.51563 -2.5847 25.7211 0.428948
50.3 -3.59743 -2.45292 24.9752 0.387509
50.35 -3.67473 -2.31807 24.2506 0.347256
50.4 -3.74744 -2.18033 23.551 0.308388
50.45 -3.81546 -2.03986 22.8798 0.271101
50.5 -3.87872 -1.89684 22.2405 0.235581
50.55 -3.93712 -1.75145 21.6361 0.202005
50.6 -3.99061 -1.60387 21.0697 0.170541
50.65 -4.03911 -1.45428 20.5442 0.141347
50.7 -4.08255 -1.30288 20.0622 0.114568
50.75 -4.1209 -1.14985 19.6261 0.0903379
50.8 -4.15409 -0.995376 19.238 0.0687785
50.85 -4.18209 -0.839663 18.8999 0.0499971
50.9 -4.20486 -0.6829 18.6136 0.0340878
50.95 -4.22238 -0.525283 18.3803 0.0211299
51 -4.23462 -0.36701 18.2014 0.0111883
51.05 -4.24156 -0.208278 18.0776 0.00431262
51.1 -4.24321 -0.0492854 18.0097 0.000537278
51.15 -4.23955 0.109769 17.9979 -0.000118876
51.2 -4.23059 0.268685 18.0423 0.00234744
51.25 -4.21634 0.427266 18.1426 0.0079239
51.3 -4.19682 0.585313 18.2985 0.0165826
51.35 -4.17206 0.742628 18.509 0.0282803
51.4 -4.14208 0.899015 18.7733 0.0429586
51.45 -4.10692 1.05428 19.0898 0.060544
51.5 -4.06663 1.20822 19.4571 0.0809486
51.55 -4.02125 1.36066 19.8733 0.10407
51.6 -3.97085 1.51139 20.3363 0.129794
51.65 -3.91549 1.66024 20.8438 0.157991
51.7 -3.85523 1.80701 21.3934 0.18852
51.75 -3.79015 1.95152 21.9821 0.221228
51.8 -3.72034 2.09359 22.6071 0.255953
51.85 -3.64587 2.23304 23.2654 0.29252
51.9 -3.56685 2.36971 23.9534 0.330746
51.95 -3.48337 2.50341 24.668 0.370442
52 -3.39553 2.63398 25.4053 0.411407
52.05 -3.30345 2.76126 26.1619 0.453439
52.1 -3.20724 2.88509 26.9339 0.496325
52.15 -3.10702 3.00531 27.7173 0.539853
52.2 -3.00292 3.12177 28.5085 0.583804
52.25 -2.89506 3.23434 29.3033 0.627959
52.3 -2.78359 3.34286 30.0977 0.672096
52.35 -2.66863 3.4472 30.8879 0.715997
52.4 -2.55034 3.54723 31.6699 0.75944
52.45 -2.42887 3.64283 32.4398 0.802209
52.5 -2.30435 3.73387 33.1936 0.84409
52.55 -2.17696 3.82025 33.9277 0.884874
52.6 -2.04684 3.90185 34.6384 0.924357
52.65 -1.91417 3.97858 35.3222 0.962342
52.7 -1.7791 4.05033 35.9755 0.998638
52.75 -1.64181 4.11701 36.5952 1.03306
52.8 -1.50246 4.17856 37.1781 1.06545
52.85 -1.36124 4.23488 37.7213 1.09563
52.9 -1.21832 4.2859 38.2222 1.12346
52.95 -1.07387 4.33157 38.6782 1.14879
53 -0.928086 4.37182 39.087 1.1715
53.05 -0.781138 4.40661 39.4466 1.19148
53.1 -0.633213 4.43589 39.7552 1.20862
53.15 -0.484497 4.45963 40.0113 1.22285
53.2 -0.335175 4.47779 40.2135 1.23408
53.25 -0.185434 4.49035 40.3609 1.24227
53.3 -0.0354616 4.4973 40.4527 1.24737
53.35 0.114555 4.49863 40.4885 1.24936
53.4 0.264429 4.49434 40.4681 1.24823
53.45 0.413972 4.48443 40.3915 1.24397
53.5 0.562998 4.46891 40.2593 1.23663
53.55 0.71132 4.44781 40.0719 1.22622
53.6 0.858753 4.42114 39.8305 1.2128
53.65 1.00511 4.38895 39.5361 1.19645
53.7 1.15022 4.35128 39.1902 1.17723
53.75 1.29388 4.30816 38.7946 1.15526
53.8 1.43593 4.25966 38.3513 1.13063
53.85 1.57618 4.20584 37.8625 1.10347
53.9 1.71446 4.14675 37.3305 1.07392
53.95 1.8506 4.08249 36.7582 1.04212
54 1.98443 4.01312 36.1482 1.00823
54.05 2.11578 3.93873 35.5038 0.972431
54.1 2.24448 3.85943 34.828 0.93489
54.15 2.37037 3.77529 34.1243 0.895797
54.2 2.49331 3.68644 33.3963 0.855348
54.25 2.61312 3.59298 32.6474 0.813746
54.3 2.72967 3.49503 31.8816 0.771198
54.35 2.84281 3.39271 31.1025 0.727918
54.4 2.95239 3.28615 30.3142 0.684121
54.45 3.05829 3.17548 29.5205 0.640026
54.5 3.16036 3.06084 28.7254 0.595854
54.55 3.25848 2.94238 27.9329 0.551825
54.6 3.35252 2.82024 27.1469 0.50816
54.65 3.44238 2.69457 26.3714 0.465077
54.7 3.52793 2.56553 25.6102 0.422791
54.75 3.60908 2.43329 24.8673 0.381514
54.8 3.68571 2.29801 24.1461 0.341452
54.85 3.75773 2.15985 23.4505 0.302804
54.9 3.82506 2.01899 22.7838 0.265765
54.95 3.88761 1.87561 22.1494 0.23052
55 3.9453 1.72989 21.5504 0.197244
55.05 3.99805 1.582 20.9899 0.166104
55.1 4.04581 1.43214 20.4706 0.137256
55.15 4.08851 1.28048 19.9952 0.110844
55.2 4.1261 1.12723 19.566 0.0869992
55.25 4.15853 0.972565 19.1851 0.0658416
55.3 4.18577 0.816685 18.8546 0.0474769
55.35 4.20777 0.659784 18.5759 0.0319966
55.4 4.22451 0.502058 18.3506 0.0194784
55.45 4.23597 0.343705 18.1797 0.00998459
55.5 4.24214 0.184922 18.0641 0.00356279
55.55 4.243 0.0259084 18.0044 0.000245065
55.6 4.23856 -0.133138 18.0009 4.79887e-05
55.65 4.22882 -0.292018 18.0535 0.00297255
55.7 4.2138 -0.450533 18.1621 0.00900413
55.75 4.19351 -0.608484 18.326 0.0181126
55.8 4.16798 -0.765675 18.5445 0.0302524
55.85 4.13723 -0.921909 18.8165 0.0453628
55.9 4.10132 -1.07699 19.1406 0.0633684
55.95 4.06028 -1.23073 19.5152 0.0841791
56 4.01416 -1.38292 19.9384 0.107691
56.05 3.96303 -1.53339 20.4082 0.133786
56.1 3.90694 -1.68194 20.922 0.162335
56.15 3.84597 -1.82839 21.4775 0.193194
56.2 3.78019 -1.97256 22.0718 0.226209
56.25 3.70968 -2.11425 22.7019 0.261216
56.3 3.63454 -2.25331 23.3647 0.298038
56.35 3.55486 -2.38955 24.0569 0.336493
56.4 3.47073 -2.5228 24.775 0.376388
56.45 3.38226 -2.6529 25.5154 0.417523
56.5 3.28957 -2.77968 26.2745 0.459693
56.55 3.19276 -2.90299 27.0484 0.502687
56.6 3.09196 -3.02266 27.8332 0.546291
56.65 2.9873 -3.13857 28.6251 0.590286
56.7 2.8789 -3.25054 29.4201 0.634452
56.75 2.76691 -3.35846 30.2142 0.678569
56.8 2.65145 -3.46217 31.0035 0.722415
56.85 2.53269 -3.56156 31.7839 0.765773
56.9 2.41075 -3.6565 32.5517 0.808425
56.95 2.2858 -3.74686 33.3028 0.850158
57 2.158 -3.83254 34.0337 0.890764
57.05 2.0275 -3.91343 34.7407 0.930038
57.1 1.89446 -3.98943 35.4202 0.967786
57.15 1.75906 -4.06045 36.0687 1.00382
57.2 1.62145 -4.12638 36.6832 1.03796
57.25 1.48182 -4.18716 37.2605 1.07003
57.3 1.34034 -4.24271 37.7977 1.09987
57.35 1.19718 -4.29295 38.2921 1.12734
57.4 1.05253 -4.33783 38.7413 1.15229
57.45 0.906557 -4.37728 39.143 1.17461
57.5 0.759454 -4.41126 39.4952 1.19418
57.55 0.611401 -4.43973 39.7962 1.2109
57.6 0.462585 -4.46265 40.0444 1.22469
57.65 0.313189 -4.47999 40.2386 1.23548
57.7 0.163403 -4.49173 40.3779 1.24322
57.75 0.013412 -4.49785 40.4615 1.24786
57.8 -0.136596 -4.49835 40.489 1.24939
57.85 -0.286433 -4.49323 40.4603 1.2478
57.9 -0.435911 -4.4825 40.3756 1.24309
57.95 -0.584845 -4.46616 40.2352 1.23529
58 -0.733048 -4.44423 40.0398 1.22443
58.05 -0.880335 -4.41676 39.7905 1.21058
58.1 -1.02652 -4.38376 39.4884 1.1938
58.15 -1.17142 -4.34528 39.1351 1.17417
58.2 -1.31486 -4.30137 38.7324 1.1518
58.25 -1.45666 -4.25208 38.2823 1.12679
58.3 -1.59663 -4.19748 37.7869 1.09927
58.35 -1.73461 -4.13763 37.2489 1.06938
58.4 -1.87042 -4.07261 36.6708 1.03727
58.45 -2.00389 -4.0025 36.0556 1.00309
58.5 -2.13486 -3.92738 35.4063 0.967018
58.55 -2.26316 -3.84736 34.7263 0.929237
58.6 -2.38863 -3.76253 34.0188 0.889932
58.65 -2.51111 -3.67299 33.2874 0.849301
58.7 -2.63046 -3.57886 32.5358 0.807547
58.75 -2.74652 -3.48026 31.7678 0.764878
58.8 -2.85914 -3.37731 30.9871 0.721508
58.85 -2.96819 -3.27014 30.1978 0.677653
58.9 -3.07353 -3.15888 29.4036 0.633533
58.95 -3.17503 -3.04367 28.6086 0.589368
59 -3.27256 -2.92465 27.8168 0.54538
59.05 -3.366 -2.80198 27.0322 0.501787
59.1 -3.45523 -2.67581 26.2585 0.458807
59.15 -3.54014 -2.5463 25.4998 0.416656
59.2 -3.62062 -2.4136 24.7598 0.375545
59.25 -3.69659 -2.27788 24.0422 0.335678
59.3 -3.76793 -2.13931 23.3506 0.297255
59.35 -3.83456 -1.99808 22.6884 0.260469
59.4 -3.89639 -1.85434 22.059 0.225502
59.45 -3.95336 -1.70829 21.4655 0.19253
59.5 -4.00538 -1.5601 20.9109 0.161717
59.55 -4.0524 -1.40996 20.3979 0.133218
59.6 -4.09436 -1.25806 19.9292 0.107175
59.65 -4.13119 -1.10458 19.5069 0.0837186
59.7 -4.16286 -0.949726 19.1334 0.0629652
59.75 -4.18933 -0.793684 18.8103 0.0450189
59.8 -4.21056 -0.63665 18.5395 0.0299695
59.85 -4.22653 -0.47882 18.3221 0.0178922
59.9 -4.23721 -0.320391 18.1593 0.00884727
59.95 -4.2426 -0.161562 18.0518 0.00288004
60 -4.24268 -0.00253069 18.0004 2.02866e-05
60.05 -4.23746 0.156504 18.0051 0.000282308
60.1 -4.22695 0.315342 18.066 0.0036648
60.15 -4.21115 0.473787 18.1827 0.0101508
60.2 -4.19008 0.631639 18.3547 0.019708
60.25 -4.16378 0.788702 18.5812 0.0322886
60.3 -4.13228 0.944779 18.8609 0.0478296
60.35 -4.09561 1.09967 19.1926 0.0662534
60.4 -4.05382 1.2532 19.5744 0.087468
60.45 -4.00696 1.40515 20.0046 0.111367
60.5 -3.95509 1.55535 20.481 0.137832
60.55 -3.89828 1.7036 21.0011 0.166729
60.6 -3.8366 1.84973 21.5625 0.197915
60.65 -3.77012 1.99354 22.1622 0.231233
60.7 -3.69893 2.13486 22.7973 0.266518
60.75 -3.62311 2.27351 23.4647 0.303592
60.8 -3.54277 2.40932 24.1609 0.342271
60.85 -3.45799 2.54212 24.8825 0.38236
60.9 -3.3689 2.67174 25.6259 0.423661
60.95 -3.27559 2.79802 26.3874 0.465965
61 -3.17819 2.92081 27.1631 0.509063
61.05 -3.07682 3.03994 27.9493 0.552737
61.1 -2.9716 3.15527 28.7419 0.596771
61.15 -2.86267 3.26666 29.537 0.640944
61.2 -2.75015 3.37397 30.3306 0.685035
61.25 -2.6342 3.47705 31.1188 0.728824
61.3 -2.51496 3.57579 31.8976 0.772091
61.35 -2.39257 3.67007 32.6632 0.814621
61.4 -2.2672 3.75975 33.4116 0.856202
61.45 -2.13899 3.84473 34.1392 0.896624
61.5 -2.0081 3.92491 34.8424 0.935687
61.55 -1.87471 4.00019 35.5175 0.973194
61.6 -1.73897 4.07046 36.1613 1.00896
61.65 -1.60105 4.13564 36.7704 1.0428
61.7 -1.46114 4.19566 37.342 1.07456
61.75 -1.3194 4.25043 37.8731 1.10406
61.8 -1.17601 4.29988 38.361 1.13117
61.85 -1.03115 4.34397 38.8033 1.15574
61.9 -0.885004 4.38262 39.1979 1.17766
61.95 -0.73775 4.41579 39.5427 1.19682
62 -0.589573 4.44345 39.836 1.21311
62.05 -0.44066 4.46555 40.0764 1.22647
62.1 -0.291195 4.48206 40.2626 1.23681
62.15 -0.141367 4.49298 40.3937 1.24409
62.2 0.00863806 4.49828 40.4691 1.24828
62.25 0.158632 4.49795 40.4883 1.24935
62.3 0.308428 4.49201 40.4514 1.2473
62.35 0.457839 4.48045 40.3584 1.24213
62.4 0.606677 4.46328 40.2099 1.23388
62.45 0.754757 4.44054 40.0065 1.22258
62.5 0.901893 4.41225 39.7493 1.2083
62.55 1.0479 4.37845 39.4397 1.19109
62.6 1.1926 4.33917 39.079 1.17106
62.65 1.33581 4.29446 38.6692 1.14829
62.7 1.47735 4.24439 38.2122 1.1229
62.75 1.61704 4.18901 37.7105 1.09503
62.8 1.75471 4.1284 37.1664 1.0648
62.85 1.89019 4.06262 36.5826 1.03237
62.9 2.0233 3.99177 35.9622 0.997902
62.95 2.15389 3.91593 35.3082 0.961569
63 2.28178 3.83519 34.6239 0.923551
63.05 2.40682 3.74966 33.9127 0.884039
63.1 2.52885 3.65944 33.1781 0.84323
63.15 2.64773 3.56465 32.4239 0.801328
63.2 2.76329 3.4654 31.6538 0.758543
63.25 2.87539 3.36182 30.8716 0.715088
63.3 2.98391 3.25404 30.0812 0.67118
63.35 3.08869 3.14219 29.2867 0.62704
63.4 3.18961 3.02641 28.492 0.582887
63.45 3.28655 2.90685 27.701 0.538943
63.5 3.37938 2.78366 26.9177 0.495426
63.55 3.46798 2.65698 26.146 0.452555
63.6 3.55225 2.52699 25.3898 0.410544
63.65 3.63207 2.39383 24.6529 0.369603
63.7 3.70736 2.25769 23.9388 0.329936
63.75 3.77802 2.11872 23.2514 0.291742
63.8 3.84395 1.9771 22.5938 0.255211
63.85 3.90507 1.83302 21.9695 0.220527
63.9 3.96132 1.68664 21.3815 0.187862
63.95 4.01261 1.53815 20.8328 0.15738
64 4.05889 1.38774 20.3262 0.129234
64.05 4.10009 1.23559 19.8641 0.103563
64.1 4.13617 1.0819 19.4489 0.0804963
64.15 4.16708 0.926863 19.0827 0.0601493
64.2 4.19278 0.770662 18.7672 0.0426235
64.25 4.21324 0.613499 18.5041 0.0280066
64.3 4.22843 0.455568 18.2947 0.0163715
64.35 4.23833 0.297068 18.14 0.00777646
64.4 4.24294 0.138197 18.0408 0.00226444
64.45 4.24225 -0.0208471 17.9975 -0.000137034
64.5 4.23625 -0.179865 18.0105 0.000584058
64.55 4.22496 -0.338658 18.0796 0.00442411
64.6 4.20838 -0.497028 18.2046 0.0113639
64.65 4.18655 -0.654777 18.3846 0.0213688
64.7 4.15948 -0.811707 18.619 0.0343888
64.75 4.12721 -0.967622 18.9065 0.0503587
64.8 4.08978 -1.12233 19.2456 0.0691988
64.85 4.04725 -1.27563 19.6347 0.0908149
64.9 3.99965 -1.42734 20.0718 0.115099
64.95 3.94705 -1.57726 20.5547 0.141929
65 3.88952 -1.72522 21.0811 0.171173
65.05 3.82713 -1.87101 21.6483 0.202682
65.1 3.75995 -2.01447 22.2534 0.2363
65.15 3.68807 -2.15541 22.8935 0.271859
65.2 3.61159 -2.29365 23.5653 0.309181
65.25 3.53058 -2.42903 24.2654 0.348079
65.3 3.44517 -2.56137 24.9905 0.388359
65.35 3.35545 -2.69051 25.7368 0.42982
65.4 3.26153 -2.81629 26.5006 0.472255
65.45 3.16354 -2.93855 27.2781 0.515451
65.5 3.06159 -3.05713 28.0655 0.559192
65.55 2.95582 -3.17189 28.8587 0.60326
65.6 2.84635 -3.28269 29.6538 0.647434
65.65 2.73332 -3.38938 30.4469 0.691495
65.7 2.61688 -3.49184 31.234 0.73522
65.75 2.49717 -3.58993 32.0111 0.778393
65.8 2.37433 -3.68354 32.7743 0.820797
65.85 2.24853 -3.77254 33.52 0.86222
65.9 2.11991 -3.85682 34.2442 0.902455
65.95 1.98865 -3.93629 34.9434 0.941301
66 1.8549 -4.01083 35.6142 0.978564
66.05 1.71883 -4.08036 36.253 1.01406
66.1 1.58061 -4.14479 36.8569 1.0476
66.15 1.44042 -4.20404 37.4227 1.07904
66.2 1.29843 -4.25803 37.9475 1.1082
66.25 1.15481 -4.3067 38.4289 1.13494
66.3 1.00975 -4.34999 38.8644 1.15913
66.35 0.863427 -4.38784 39.2517 1.18065
66.4 0.716026 -4.4202 39.5891 1.19939
66.45 0.567729 -4.44704 39.8747 1.21526
66.5 0.418723 -4.46832 40.1072 1.22818
66.55 0.269194 -4.48402 40.2853 1.23807
66.6 0.119327 -4.49411 40.4083 1.2449
66.65 -0.0306878 -4.49858 40.4754 1.24864
66.7 -0.180665 -4.49743 40.4864 1.24925
66.75 -0.330416 -4.49066 40.4412 1.24674
66.8 -0.479754 -4.47827 40.3401 1.24111
66.85 -0.628492 -4.46029 40.1834 1.23241
66.9 -0.776445 -4.43673 39.9721 1.22067
66.95 -0.923427 -4.40763 39.7071 1.20595
67 -1.06926 -4.37301 39.3898 1.18832
67.05 -1.21375 -4.33293 39.0218 1.16788
67.1 -1.35672 -4.28744 38.6049 1.14472
67.15 -1.498 -4.23658 38.1412 1.11896
67.2 -1.6374 -4.18043 37.6331 1.09073
67.25 -1.77476 -4.11905 37.083 1.06017
67.3 -1.9099 -4.05253 36.4937 1.02743
67.35 -2.04266 -3.98094 35.8681 0.992674
67.4 -2.17286 -3.90437 35.2095 0.956082
67.45 -2.30034 -3.82292 34.521 0.917833
67.5 -2.42495 -3.73669 33.8061 0.878118
67.55 -2.54653 -3.64579 33.0684 0.837135
67.6 -2.66492 -3.55034 32.3116 0.79509
67.65 -2.77998 -3.45045 31.5395 0.752193
67.7 -2.89157 -3.34624 30.7558 0.708658
67.75 -2.99954 -3.23785 29.9646 0.664702
67.8 -3.10377 -3.12542 29.1698 0.620546
67.85 -3.20411 -3.00907 28.3754 0.57641
67.9 -3.30045 -2.88897 27.5853 0.532515
67.95 -3.39267 -2.76525 26.8034 0.48908
68 -3.48064 -2.63808 26.0338 0.446322
68.05 -3.56426 -2.50761 25.2802 0.404455
68.1 -3.64343 -2.37401 24.5464 0.363688
68.15 -3.71804 -2.23744 23.8361 0.324226
68.2 -3.788 -2.09807 23.1528 0.286264
68.25 -3.85323 -1.95608 22.4999 0.249994
68.3 -3.91365 -1.81164 21.8807 0.215596
68.35 -3.96917 -1.66494 21.2983 0.183242
68.4 -4.01973 -1.51616 20.7557 0.153094
68.45 -4.06526 -1.36548 20.2554 0.125302
68.5 -4.10572 -1.2131 19.8001 0.100007
68.55 -4.14104 -1.0592 19.392 0.0773329
68.6 -4.17118 -0.903974 19.0331 0.0573945
68.65 -4.19611 -0.74762 18.7252 0.040291
68.7 -4.2158 -0.590331 18.4699 0.0261081
68.75 -4.23022 -0.432305 18.2685 0.0149165
68.8 -4.23934 -0.273738 18.1219 0.00677227
68.85 -4.24317 -0.114828 18.0309 0.00171605
68.9 -4.2417 0.0442243 17.9959 -0.000226879
68.95 -4.23492 0.203222 18.0172 0.000953205
69 -4.22285 0.361965 18.0945 0.0052504
69.05 -4.2055 0.520256 18.2276 0.0126432
69.1 -4.1829 0.677897 18.4157 0.0230947
69.15 -4.15506 0.83469 18.6579 0.0365527
69.2 -4.12203 0.99044 18.9531 0.0529498
69.25 -4.08385 1.14495 19.2997 0.0722041
69.3 -4.04057 1.29803 19.6959 0.0942194
69.35 -3.99223 1.44949 20.1399 0.118886
69.4 -3.9389 1.59914 20.6294 0.146079
69.45 -3.88065 1.74678 21.162 0.175665
69.5 -3.81755 1.89225 21.7349 0.207494
69.55 -3.74968 2.03535 22.3454 0.241409
69.6 -3.67712 2.1759 22.9903 0.277238
69.65 -3.59996 2.31373 23.6665 0.314803
69.7 -3.5183 2.44868 24.3705 0.353917
69.75 -3.43225 2.58056 25.0989 0.394384
69.8 -3.34191 2.70921 25.848 0.436001
69.85 -3.24738 2.83448 26.6141 0.478561
69.9 -3.1488 2.95621 27.3933 0.52185
69.95 -3.04628 3.07424 28.1818 0.565653
70 -2.93996 3.18843 28.9755 0.609751
70.05 -2.82996 3.29863 29.7706 0.653922
70.1 -2.71642 3.40471 30.5631 0.697947
70.15 -2.59949 3.50653 31.3489 0.741605
70.2 -2.47931 3.60397 32.1242 0.784679
70.25 -2.35602 3.69691 32.8851 0.826951
70.3 -2.2298 3.78522 33.6278 0.868213
70.35 -2.10078 3.86881 34.3486 0.908256
70.4 -1.96914 3.94755 35.0439 0.946881
70.45 -1.83504 4.02136 35.7101 0.983896
70.5 -1.69865 4.09015 36.3441 1.01911
70.55 -1.56013 4.15382 36.9425 1.05236
70.6 -1.41966 4.2123 37.5024 1.08347
70.65 -1.27742 4.26552 38.0211 1.11228
70.7 -1.13358 4.3134 38.4959 1.13866
70.75 -0.988319 4.35589 38.9244 1.16247
70.8 -0.841827 4.39294 39.3045 1.18358
70.85 -0.694282 4.42449 39.6343 1.20191
70.9 -0.54587 4.45052 39.9122 1.21735
70.95 -0.396775 4.47098 40.1368 1.22982
71 -0.247184 4.48585 40.3069 1.23927
71.05 -0.0972846 4.49512 40.4217 1.24565
71.1 0.0527368 4.49877 40.4806 1.24892
71.15 0.202692 4.49679 40.4833 1.24907
71.2 0.352394 4.48919 40.4299 1.2461
71.25 0.501656 4.47598 40.3205 1.24003
71.3 0.65029 4.45718 40.1557 1.23087
71.35 0.798112 4.4328 39.9365 1.21869
71.4 0.944936 4.40289 39.6637 1.20354
71.45 1.09058 4.36747 39.3389 1.18549
71.5 1.23486 4.32659 38.9636 1.16464
71.55 1.37759 4.2803 38.5397 1.14109
71.6 1.51861 4.22866 38.0693 1.11496
71.65 1.65772 4.17174 37.5548 1.08638
71.7 1.79477 4.1096 36.9988 1.05549
71.75 1.92957 4.04232 36.4039 1.02244
71.8 2.06196 3.96999 35.7733 0.987408
71.85 2.19177 3.8927 35.1101 0.95056
71.9 2.31884 3.81054 34.4175 0.912083
71.95 2.44301 3.72362 33.699 0.872169
72 2.56413 3.63205 32.9583 0.831018
72.05 2.68204 3.53593 32.199 0.788834
72.1 2.7966 3.4354 31.4249 0.74583
72.15 2.90767 3.33057 30.6399 0.702219
72.2 3.0151 3.22158 29.848 0.65822
72.25 3.11876 3.10856 29.053 0.614053
72.3 3.21853 2.99165 28.2589 0.569939
72.35 3.31427 2.87101 27.4698 0.526097
72.4 3.40586 2.74678 26.6895 0.482748
72.45 3.4932 2.61911 25.9219 0.440108
72.5 3.57618 2.48817 25.171 0.39839
72.55 3.65468 2.35412 24.4404 0.357802
72.6 3.72862 2.21713 23.7339 0.318548
72.65 3.79789 2.07736 23.0548 0.280823
72.7 3.86242 1.935 22.4067 0.244817
72.75 3.92211 1.79022 21.7928 0.210708
72.8 3.97691 1.6432 21.216 0.178669
72.85 4.02674 1.49413 20.6794 0.148858
72.9 4.07153 1.34319 20.1857 0.121425
72.95 4.11123 1.19057 19.7371 0.0965071
73 4.14579 1.03646 19.3361 0.0742285
73.05 4.17517 0.881061 18.9846 0.0547009
73.1 4.19934 0.724557 18.6844 0.0380216
73.15 4.21825 0.567148 18.4369 0.0242742
73.2 4.23189 0.409029 18.2435 0.0135274
73.25 4.24024 0.250399 18.105 0.00583481
73.3 4.24329 0.0914567 18.0222 0.00123493
73.35 4.24103 -0.0676003 17.9955 -0.00024924
73.4 4.23348 -0.226573 18.025 0.00138971
73.45 4.22063 -0.385262 18.1106 0.00614359
73.5 4.20251 -0.54347 18.2518 0.0139886
73.55 4.17913 -0.700998 18.4479 0.0248856
73.6 4.15053 -0.85765 18.698 0.0387801
73.65 4.11674 -1.01323 19.0008 0.0556026
73.7 4.07781 -1.16754 19.3548 0.0752691
73.75 4.03378 -1.3204 19.7583 0.0976812
73.8 3.9847 -1.4716 20.2091 0.122727
73.85 3.93065 -1.62097 20.7051 0.150281
73.9 3.87168 -1.7683 21.2437 0.180206
73.95 3.80787 -1.91343 21.8223 0.212352
74 3.73931 -2.05617 22.4381 0.246559
74.05 3.66606 -2.19633 23.0878 0.282654
74.1 3.58824 -2.33375 23.7683 0.320459
74.15 3.50593 -2.46826 24.4761 0.359784
74.2 3.41924 -2.59967 25.2078 0.400433
74.25 3.32827 -2.72784 25.9596 0.442202
74.3 3.23315 -2.8526 26.7279 0.484882
74.35 3.13398 -2.97379 27.5087 0.528261
74.4 3.03089 -3.09127 28.2982 0.572121
74.45 2.92402 -3.20488 29.0924 0.616243
74.5 2.81349 -3.31448 29.8873 0.660407
74.55 2.69944 -3.41995 30.6791 0.704392
74.6 2.58202 -3.52113 31.4636 0.747978
74.65 2.46138 -3.61792 32.237 0.790947
74.7 2.33765 -3.71018 32.9955 0.833084
74.75 2.21101 -3.79781 33.7352 0.874179
74.8 2.0816 -3.88068 34.4525 0.914026
74.85 1.94958 -3.95871 35.1437 0.952427
74.9 1.81514 -4.03179 35.8054 0.989189
74.95 1.67842 -4.09983 36.4343 1.02413
75 1.5396 -4.16274 37.0273 1.05707
75.05 1.39886 -4.22046 37.5813 1.08785
75.1 1.25637 -4.27289 38.0937 1.11631
75.15 1.11231 -4.31999 38.5618 1.14232
75.2 0.966863 -4.36168 38.9833 1.16574
75.25 0.820204 -4.39792 39.3562 1.18645
75.3 0.67252 -4.42867 39.6785 1.20436
75.35 0.523996 -4.45388 39.9486 1.21937
75.4 0.374816 -4.47352 40.1652 1.2314
75.45 0.225169 -4.48757 40.3272 1.2404
75.5 0.0752391 -4.49601 40.4338 1.24632
75.55 -0.0747843 -4.49883 40.4845 1.24914
75.6 -0.224714 -4.49602 40.479 1.24883
75.65 -0.374363 -4.4876 40.4173 1.2454
75.7 -0.523544 -4.47357 40.2997 1.23887
75.75 -0.672071 -4.45394 40.1269 1.22927
75.8 -0.819758 -4.42875 39.8997 1.21665
75.85 -0.96642 -4.39802 39.6192 1.20107
75.9 -1.11187 -4.3618 39.2868 1.1826
75.95 -1.25594 -4.32012 38.9043 1.16135
76 -1.39843 -4.27304 38.4734 1.13741
76.05 -1.53918 -4.22062 37.9964 1.11091
76.1 -1.678 -4.16293 37.4756 1.08198
76.15 -1.81472 -4.10003 36.9137 1.05076
76.2 -1.94918 -4.03201 36.3134 1.01741
76.25 -2.0812 -3.95894 35.6778 0.982101
76.3 -2.21062 -3.88093 35.0101 0.945003
76.35 -2.33727 -3.79807 34.3134 0.906302
76.4 -2.46101 -3.71045 33.5915 0.866194
76.45 -2.58166 -3.6182 32.8478 0.824878
76.5 -2.69909 -3.52143 32.0861 0.78256
76.55 -2.81315 -3.42026 31.3102 0.739453
76.6 -2.92369 -3.31481 30.5239 0.695771
76.65 -3.03057 -3.20522 29.7312 0.651734
76.7 -3.13367 -3.09162 28.9361 0.607561
76.75 -3.23285 -2.97415 28.1425 0.563473
76.8 -3.32799 -2.85297 27.3544 0.51969
76.85 -3.41897 -2.72822 26.5758 0.476432
76.9 -3.50567 -2.60007 25.8104 0.433914
76.95 -3.588 -2.46866 25.0623 0.392349
77 -3.66583 -2.33417 24.335 0.351944
77.05 -3.73909 -2.19675 23.6323 0.312903
77.1 -3.80767 -2.0566 22.9575 0.275419
77.15 -3.87149 -1.91387 22.3143 0.239681
77.2 -3.93048 -1.76875 21.7056 0.205866
77.25 -3.98455 -1.62142 21.1346 0.174144
77.3 -4.03364 -1.47206 20.6041 0.144674
77.35 -4.07768 -1.32086 20.1168 0.117602
77.4 -4.11663 -1.16801 19.6752 0.0930645
77.45 -4.15044 -1.0137 19.2813 0.0711836
77.5 -4.17905 -0.858124 18.9372 0.0520688
77.55 -4.20245 -0.701475 18.6447 0.0358156
77.6 -4.22058 -0.543949 18.4051 0.0225052
77.65 -4.23345 -0.385743 18.2197 0.0122043
77.7 -4.24102 -0.227055 18.0894 0.00496418
77.75 -4.24329 -0.0680825 18.0148 0.000821147
77.8 -4.24026 0.0909745 17.9963 -0.000204114
77.85 -4.23192 0.249918 18.0341 0.00189352
77.9 -4.2183 0.408549 18.1279 0.00710357
77.95 -4.1994 0.566669 18.2772 0.0154
78 -4.17526 0.724081 18.4813 0.0267413
78.05 -4.14589 0.880588 18.7393 0.0410708
78.1 -4.11134 1.03599 19.0497 0.0583169
78.15 -4.07166 1.19011 19.4111 0.0783934
78.2 -4.02688 1.34273 19.8216 0.1012
78.25 -3.97707 1.49367 20.2792 0.126623
78.3 -3.92229 1.64275 20.7816 0.154534
78.35 -3.8626 1.78978 21.3263 0.184795
78.4 -3.79809 1.93456 21.9106 0.217254
78.45 -3.72883 2.07693 22.5315 0.251749
78.5 -3.65491 2.21671 23.1859 0.288108
78.55 -3.57642 2.35371 23.8707 0.326148
78.6 -3.49346 2.48777 24.5822 0.36568
78.65 -3.40613 2.61872 25.3171 0.406506
78.7 -3.31455 2.74639 26.0716 0.448423
78.75 -3.21882 2.87064 26.8419 0.491219
78.8 -3.11907 2.99129 27.6243 0.534682
78.85 -3.01542 3.10821 28.4147 0.578595
78.9 -2.908 3.22124 29.2093 0.622737
78.95 -2.79695 3.33025 30.004 0.666888
79 -2.6824 3.43509 30.7949 0.710828
79.05 -2.56449 3.53564 31.5781 0.754337
79.1 -2.44338 3.63176 32.3495 0.797197
79.15 -2.31922 3.72335 33.1055 0.839194
79.2 -2.19216 3.81029 33.8421 0.880118
79.25 -2.06235 3.89246 34.5558 0.919765
79.3 -1.92997 3.96977 35.2429 0.957937
79.35 -1.79518 4.04211 35.9 0.994442
79.4 -1.65814 4.1094 36.5238 1.0291
79.45 -1.51903 4.17155 37.1112 1.06173
79.5 -1.37802 4.22849 37.6593 1.09218
79.55 -1.23529 4.28015 38.1653 1.12029
79.6 -1.09102 4.32645 38.6267 1.14593
79.65 -0.94538 4.36735 39.0412 1.16896
79.7 -0.798559 4.40279 39.4068 1.18926
79.75 -0.65074 4.43272 39.7215 1.20675
79.8 -0.502108 4.45711 39.9838 1.22132
79.85 -0.352848 4.47593 40.1925 1.23291
79.9 -0.203147 4.48916 40.3464 1.24147
79.95 -0.0531916 4.49677 40.4448 1.24693
80 0.0968298 4.49877 40.4872 1.24929
80.05 0.24673 4.49514 40.4734 1.24852
80.1 0.396322 4.48589 40.4035 1.24464
80.15 0.545419 4.47103 40.2778 1.23765
80.2 0.693834 4.45059 40.0969 1.22761
80.25 0.841381 4.42458 39.8618 1.21454
80.3 0.987877 4.39304 39.5736 1.19853
80.35 1.13314 4.35601 39.2337 1.17965
80.4 1.27698 4.31354 38.8439 1.15799
80.45 1.41923 4.26567 38.4061 1.13367
80.5 1.55971 4.21247 37.9225 1.10681
80.55 1.69823 4.15401 37.3955 1.07753
80.6 1.83463 4.09035 36.8278 1.04599
80.65 1.96874 4.02158 36.2222 1.01234
80.7 2.10039 3.94778 35.5816 0.976757
80.75 2.22941 3.86905 34.9094 0.939411
80.8 2.35565 3.78548 34.2088 0.900491
80.85 2.47894 3.69718 33.4835 0.860193
80.9 2.59913 3.60426 32.7369 0.818716
80.95 2.71607 3.50684 31.9728 0.776269
81 2.82962 3.40503 31.1951 0.733064
81.05 2.93963 3.29896 30.4077 0.689316
81.1 3.04597 3.18877 29.6144 0.645245
81.15 3.1485 3.07459 28.8193 0.601071
81.2 3.24709 2.95657 28.0262 0.557014
81.25 3.34162 2.83486 27.2393 0.513294
81.3 3.43198 2.7096 26.4624 0.470131
81.35 3.51805 2.58095 25.6993 0.42774
81.4 3.59972 2.44908 24.954 0.386333
81.45 3.67689 2.31415 24.2301 0.346116
81.5 3.74947 2.17632 23.5312 0.307292
81.55 3.81735 2.03578 22.861 0.270053
81.6 3.88047 1.89269 22.2225 0.234586
81.65 3.93873 1.74723 21.6192 0.201069
81.7 3.99208 1.59959 21.054 0.169668
81.75 4.04043 1.44995 20.5297 0.140541
81.8 4.08373 1.29849 20.049 0.113834
81.85 4.12192 1.14542 19.6142 0.0896794
81.9 4.15497 0.99091 19.2276 0.0681985
81.95 4.18282 0.835164 18.891 0.0494986
82 4.20544 0.678373 18.6061 0.0336731
82.05 4.22281 0.520735 18.3744 0.0208013
82.1 4.23489 0.362446 18.1971 0.0109473
82.15 4.24169 0.203703 18.0749 0.00416047
82.2 4.24318 0.0447066 18.0085 0.000474731
82.25 4.23936 -0.114346 17.9984 -9.15047e-05
82.3 4.23025 -0.273256 18.0444 0.00246459
82.35 4.21585 -0.431824 18.1463 0.00813025
82.4 4.19618 -0.589853 18.3038 0.0168771
82.45 4.17127 -0.747144 18.5159 0.0286615
82.5 4.14114 -0.903502 18.7816 0.0434246
82.55 4.10583 -1.05873 19.0997 0.0610924
82.6 4.06539 -1.21263 19.4684 0.0815768
82.65 4.01987 -1.36502 19.886 0.104775
82.7 3.96933 -1.51571 20.3503 0.130572
82.75 3.91382 -1.66449 20.8591 0.158838
82.8 3.85342 -1.8112 21.4098 0.189432
82.85 3.78821 -1.95564 21.9996 0.2222
82.9 3.71826 -2.09764 22.6256 0.25698
82.95 3.64366 -2.23702 23.2848 0.293598
83 3.56451 -2.3736 23.9737 0.331869
83.05 3.4809 -2.50721 24.6889 0.371604
83.1 3.39294 -2.63769 25.4269 0.412604
83.15 3.30074 -2.76487 26.1839 0.454662
83.2 3.20441 -2.8886 26.9563 0.49757
83.25 3.10408 -3.00872 27.74 0.541113
83.3 2.99987 -3.12507 28.5313 0.585073
83.35 2.8919 -3.23752 29.3261 0.62923
83.4 2.78033 -3.34592 30.1206 0.673365
83.45 2.66527 -3.45014 30.9106 0.717255
83.5 2.54689 -3.55004 31.6923 0.760682
83.55 2.42532 -3.64551 32.4617 0.803428
83.6 2.30072 -3.73642 33.2151 0.845281
83.65 2.17325 -3.82267 33.9485 0.88603
83.7 2.04306 -3.90413 34.6585 0.925473
83.75 1.91031 -3.98071 35.3414 0.963411
83.8 1.77518 -4.05232 35.9938 0.999656
83.85 1.63782 -4.11886 36.6125 1.03403
83.9 1.49842 -4.18025 37.1943 1.06635
83.95 1.35715 -4.23642 37.7364 1.09646
84 1.21418 -4.28729 38.236 1.12422
84.05 1.0697 -4.3328 38.6906 1.14948
84.1 0.923871 -4.3729 39.0981 1.17211
84.15 0.776892 -4.40753 39.4562 1.19201
84.2 0.628942 -4.43665 39.7633 1.20907
84.25 0.480206 -4.46023 40.0179 1.22322
84.3 0.330869 -4.47823 40.2185 1.23436
84.35 0.181119 -4.49063 40.3643 1.24246
84.4 0.0311427 -4.49742 40.4545 1.24747
84.45 -0.118873 -4.49859 40.4887 1.24937
84.5 -0.26874 -4.49413 40.4667 1.24815
84.55 -0.41827 -4.48406 40.3885 1.24381
84.6 -0.567279 -4.46838 40.2546 1.23637
84.65 -0.715578 -4.44712 40.0657 1.22587
84.7 -0.862982 -4.42029 39.8227 1.21237
84.75 -1.00931 -4.38794 39.5268 1.19593
84.8 -1.15437 -4.35011 39.1795 1.17664
84.85 -1.29799 -4.30684 38.7825 1.15458
84.9 -1.43999 -4.25819 38.3379 1.12988
84.95 -1.58019 -4.20421 37.8477 1.10265
85 -1.71841 -4.14498 37.3146 1.07303
85.05 -1.85449 -4.08056 36.7411 1.04117
85.1 -1.98825 -4.01105 36.1301 1.00723
85.15 -2.11952 -3.93652 35.4847 0.971374
85.2 -2.24814 -3.85707 34.8081 0.933785
85.25 -2.37395 -3.7728 34.1037 0.89465
85.3 -2.4968 -3.68381 33.375 0.854166
85.35 -2.61652 -3.59022 32.6256 0.812533
85.4 -2.73298 -3.49214 31.8593 0.769962
85.45 -2.84601 -3.3897 31.0799 0.726663
85.5 -2.95549 -3.28302 30.2914 0.682854
85.55 -3.06128 -3.17224 29.4976 0.638754
85.6 -3.16324 -3.05748 28.7025 0.594583
85.65 -3.26124 -2.93891 27.9101 0.550562
85.7 -3.35517 -2.81667 27.1244 0.506911
85.75 -3.4449 -2.6909 26.3493 0.463848
85.8 -3.53033 -2.56177 25.5886 0.421588
85.85 -3.61135 -2.42944 24.8462 0.380343
85.9 -3.68785 -2.29407 24.1257 0.340318
85.95 -3.75974 -2.15583 23.4309 0.301715
86 -3.82693 -2.0149 22.765 0.264725
86.05 -3.88934 -1.87145 22.1316 0.229534
86.1 -3.94688 -1.72566 21.5337 0.196317
86.15 -3.9995 -1.57772 20.9743 0.165241
86.2 -4.04711 -1.4278 20.4563 0.136461
86.25 -4.08966 -1.27609 19.9822 0.110121
86.3 -4.12711 -1.1228 19.5543 0.086352
86.35 -4.15939 -0.968093 19.1749 0.0652734
86.4 -4.18647 -0.812181 18.8458 0.0469905
86.45 -4.20832 -0.655254 18.5687 0.0315945
86.5 -4.22491 -0.497507 18.3449 0.0191625
86.55 -4.23622 -0.339139 18.1756 0.00975659
86.6 -4.24224 -0.180347 18.0616 0.00342377
86.65 -4.24295 -0.0213294 18.0035 0.000195725
86.7 -4.23836 0.137715 18.0016 8.85742e-05
86.75 -4.22847 0.296587 18.0559 0.00310286
86.8 -4.21329 0.455088 18.166 0.00922351
86.85 -4.19285 0.613021 18.3316 0.0184199
86.9 -4.16716 0.770187 18.5516 0.0306462
86.95 -4.13627 0.926391 18.8251 0.0458411
87 -4.10021 1.08144 19.1507 0.0639287
87.05 -4.05902 1.23513 19.5267 0.0848187
87.1 -4.01276 1.38728 19.9513 0.108407
87.15 -3.96148 1.5377 20.4223 0.134575
87.2 -3.90525 1.68619 20.9375 0.163192
87.25 -3.84414 1.83258 21.4941 0.194115
87.3 -3.77822 1.97667 22.0894 0.22719
87.35 -3.70758 2.11829 22.7205 0.262251
87.4 -3.63231 2.25727 23.3842 0.299123
87.45 -3.5525 2.39343 24.0772 0.337622
87.5 -3.46824 2.52659 24.796 0.377556
87.55 -3.37965 2.65659 25.537 0.418723
87.6 -3.28684 2.78328 26.2966 0.46092
87.65 -3.18991 2.90648 27.0708 0.503935
87.7 -3.089 3.02605 27.856 0.547553
87.75 -2.98423 3.14184 28.648 0.591556
87.8 -2.87573 3.25371 29.443 0.635724
87.85 -2.76363 3.3615 30.237 0.679836
87.9 -2.64808 3.46509 31.0261 0.723671
87.95 -2.52922 3.56436 31.8062 0.767012
88 -2.4072 3.65916 32.5735 0.80964
88.05 -2.28216 3.74939 33.3242 0.851344
88.1 -2.15428 3.83494 34.0544 0.891914
88.15 -2.0237 3.91569 34.7607 0.931147
88.2 -1.8906 3.99155 35.4393 0.968849
88.25 -1.75513 4.06242 36.0869 1.00483
88.3 -1.61746 4.12821 36.7004 1.03891
88.35 -1.47777 4.18884 37.2765 1.07092
88.4 -1.33624 4.24423 37.8125 1.10069
88.45 -1.19304 4.29432 38.3057 1.12809
88.5 -1.04834 4.33904 38.7535 1.15297
88.55 -0.902338 4.37833 39.1538 1.17521
88.6 -0.755204 4.41216 39.5046 1.1947
88.65 -0.607127 4.44047 39.8041 1.21134
88.7 -0.458291 4.46322 40.0508 1.22504
88.75 -0.308882 4.4804 40.2434 1.23575
88.8 -0.159087 4.49198 40.3811 1.24339
88.85 -0.00909294 4.49794 40.4631 1.24795
88.9 0.140912 4.49829 40.489 1.24939
88.95 0.290742 4.493 40.4587 1.2477
89 0.440207 4.4821 40.3723 1.24291
89.05 0.589123 4.4656 40.2303 1.23502
89.1 0.737302 4.44352 40.0334 1.22408
89.15 0.884559 4.41588 39.7825 1.21014
89.2 1.03071 4.38273 39.4789 1.19327
89.25 1.17557 4.34409 39.1242 1.17357
89.3 1.31897 4.30003 38.7201 1.15112
89.35 1.46071 4.25058 38.2686 1.12603
89.4 1.60063 4.19583 37.772 1.09845
89.45 1.73855 4.13583 37.2328 1.06849
89.5 1.8743 4.07066 36.6536 1.03631
89.55 2.0077 4.00041 36.0374 1.00208
89.6 2.13859 3.92515 35.3872 0.965954
89.65 2.26681 3.84499 34.7063 0.928126
89.7 2.3922 3.76002 33.998 0.88878
89.75 2.51459 3.67035 33.2661 0.848114
89.8 2.63385 3.57609 32.5139 0.80633
89.85 2.74981 3.47736 31.7455 0.763638
89.9 2.86233 3.37428 30.9645 0.720251
89.95 2.97127 3.26699 30.1749 0.676386
90 3.07651 3.15562 29.3807 0.632261
90.05 3.17789 3.04029 28.5858 0.588099
90.1 3.2753 2.92117 27.7941 0.544118
90.15 3.36862 2.7984 27.0097 0.50054
90.2 3.45773 2.67213 26.2365 0.457581
90.25 3.54252 2.54252 25.4782 0.415457
90.3 3.62288 2.40973 24.7388 0.374379
90.35 3.6987 2.27393 24.0219 0.334551
90.4 3.76991 2.13529 23.3311 0.296173
90.45 3.8364 1.99397 22.6698 0.259436
90.5 3.8981 1.85017 22.0414 0.224524
90.55 3.95493 1.70405 21.449 0.191612
90.6 4.00681 1.5558 20.8955 0.160864
90.65 4.05368 1.40561 20.3838 0.132434
90.7 4.09549 1.25366 19.9163 0.106463
90.75 4.13217 1.10014 19.4955 0.0830828
90.8 4.1637 0.94525 19.1234 0.0624088
90.85 4.19001 0.789176 18.8018 0.0445448
90.9 4.21109 0.632116 18.5324 0.0295799
90.95 4.22691 0.474266 18.3166 0.0175891
91 4.23744 0.315823 18.1554 0.00863229
91.05 4.24267 0.156986 18.0496 0.00275417
91.1 4.24261 -0.00204842 17.9997 -1.58417e-05
91.15 4.23723 -0.16108 18.006 0.000336104
91.2 4.22657 -0.31991 18.0685 0.00380825
91.25 4.21062 -0.47834 18.1869 0.0103832
91.3 4.1894 -0.636172 18.3605 0.0200282
91.35 4.16295 -0.793209 18.5885 0.0326949
91.4 4.13129 -0.949255 18.8698 0.0483201
91.45 4.09448 -1.10411 19.2029 0.0668256
91.5 4.05254 -1.25759 19.5861 0.088119
91.55 4.00553 -1.4095 20.0177 0.112094
91.6 3.95353 -1.55964 20.4953 0.13863
91.65 3.89657 -1.70784 21.0167 0.167595
91.7 3.83475 -1.8539 21.5792 0.198845
91.75 3.76813 -1.99764 22.18 0.232222
91.8 3.69681 -2.13889 22.8161 0.267561
91.85 3.62086 -2.27746 23.4843 0.304684
91.9 3.54039 -2.41319 24.1813 0.343406
91.95 3.45549 -2.5459 24.9036 0.383533
92 3.36627 -2.67542 25.6476 0.424866
92.05 3.27285 -2.80161 26.4095 0.467196
92.1 3.17533 -2.92429 27.1856 0.510313
92.15 3.07384 -3.04331 27.972 0.554001
92.2 2.96851 -3.15853 28.7648 0.598042
92.25 2.85948 -3.26981 29.5599 0.642215
92.3 2.74686 -3.37699 30.3534 0.686301
92.35 2.63082 -3.47996 31.1414 0.730077
92.4 2.51148 -3.57857 31.9199 0.773327
92.45 2.38901 -3.67271 32.685 0.815833
92.5 2.26354 -3.76226 33.4329 0.857382
92.55 2.13525 -3.84711 34.1598 0.897768
92.6 2.00429 -3.92715 34.8622 0.936789
92.65 1.87083 -4.00228 35.5365 0.974249
92.7 1.73503 -4.07241 36.1793 1.00996
92.75 1.59705 -4.13744 36.7874 1.04375
92.8 1.45709 -4.19731 37.3579 1.07544
92.85 1.3153 -4.25192 37.8877 1.10487
92.9 1.17186 -4.30123 38.3744 1.13191
92.95 1.02696 -4.34515 38.8154 1.15641
93 0.88078 -4.38365 39.2085 1.17825
93.05 0.733496 -4.41666 39.5519 1.19733
93.1 0.585296 -4.44416 39.8437 1.21354
93.15 0.436364 -4.4661 40.0825 1.22681
93.2 0.286886 -4.48246 40.2671 1.23706
93.25 0.13705 -4.49321 40.3966 1.24426
93.3 -0.0129571 -4.49835 40.4704 1.24836
93.35 -0.162948 -4.49786 40.4881 1.24934
93.4 -0.312736 -4.49175 40.4495 1.24719
93.45 -0.462132 -4.48003 40.3549 1.24194
93.5 -0.610951 -4.46271 40.2048 1.2336
93.55 -0.759007 -4.43981 39.9999 1.22221
93.6 -0.906113 -4.41136 39.7412 1.20784
93.65 -1.05209 -4.37739 39.43 1.19055
93.7 -1.19675 -4.33795 39.0679 1.17044
93.75 -1.33991 -4.29309 38.6567 1.14759
93.8 -1.4814 -4.24287 38.1984 1.12213
93.85 -1.62103 -4.18734 37.6954 1.09419
93.9 -1.75864 -4.12658 37.1501 1.06389
93.95 -1.89405 -4.06065 36.5653 1.0314
94 -2.0271 -3.98966 35.9439 0.996881
94.05 -2.15761 -3.91367 35.2889 0.960497
94.1 -2.28542 -3.8328 34.6038 0.922434
94.15 -2.41038 -3.74713 33.8919 0.882881
94.2 -2.53232 -3.65678 33.1567 0.842038
94.25 -2.6511 -3.56185 32.4019 0.800108
94.3 -2.76656 -3.46248 31.6314 0.7573
94.35 -2.87857 -3.35878 30.8489 0.713829
94.4 -2.98698 -3.25088 30.0584 0.669912
94.45 -3.09165 -3.13891 29.2638 0.625768
94.5 -3.19246 -3.02302 28.4691 0.581618
94.55 -3.28928 -2.90335 27.6783 0.537683
94.6 -3.38199 -2.78006 26.8953 0.494182
94.65 -3.47047 -2.65329 26.124 0.451333
94.7 -3.55461 -2.5232 25.3683 0.40935
94.75 -3.63431 -2.38996 24.632 0.368442
94.8 -3.70946 -2.25373 23.9187 0.328815
94.85 -3.77998 -2.11468 23.232 0.290666
94.9 -3.84577 -1.97299 22.5753 0.254186
94.95 -3.90676 -1.82883 21.952 0.219558
95 -3.96286 -1.68239 21.3652 0.186953
95.05 -4.01401 -1.53384 20.8177 0.156537
95.1 -4.06014 -1.38338 20.3123 0.128459
95.15 -4.1012 -1.23119 19.8515 0.102862
95.2 -4.13713 -1.07746 19.4377 0.0798721
95.25 -4.16789 -0.922381 19.0729 0.0596049
95.3 -4.19344 -0.766151 18.7589 0.0421617
95.35 -4.21375 -0.608962 18.4973 0.0276296
95.4 -4.22879 -0.451012 18.2895 0.0160813
95.45 -4.23854 -0.292499 18.1363 0.00757452
95.5 -4.243 -0.13362 18.0387 0.00215172
95.55 -4.24215 0.0254261 17.9971 -0.000159947
95.6 -4.236 0.18444 18.0117 0.000651058
95.65 -4.22455 0.343224 18.0825 0.00458068
95.7 -4.20783 0.501579 18.209 0.0116093
95.75 -4.18584 0.659307 18.3906 0.0217017
95.8 -4.15862 0.81621 18.6265 0.0348076
95.85 -4.12621 0.972094 18.9155 0.0508613
95.9 -4.08863 1.12676 19.2561 0.0697827
95.95 -4.04595 1.28002 19.6466 0.0914772
96 -3.9982 1.43168 20.0851 0.115836
96.05 -3.94546 1.58155 20.5693 0.142738
96.1 -3.88779 1.72944 21.0969 0.172049
96.15 -3.82526 1.87518 21.6652 0.203621
96.2 -3.75795 2.01856 22.2714 0.237297
96.25 -3.68593 2.15943 22.9124 0.272909
96.3 -3.60932 2.29759 23.585 0.310279
96.35 -3.52819 2.43289 24.286 0.34922
96.4 -3.44265 2.56514 25.0117 0.389537
96.45 -3.3528 2.69418 25.7585 0.431029
96.5 -3.25877 2.81986 26.5228 0.473489
96.55 -3.16066 2.94201 27.3007 0.516703
96.6 -3.0586 3.06049 28.0882 0.560457
96.65 -2.95272 3.17514 28.8816 0.604531
96.7 -2.84315 3.28582 29.6767 0.648706
96.75 -2.73002 3.39239 30.4697 0.692759
96.8 -2.61348 3.49473 31.2565 0.736472
96.85 -2.49367 3.59269 32.0333 0.779626
96.9 -2.37075 3.68616 32.7961 0.822004
96.95 -2.24486 3.77503 33.5411 0.863396
97 -2.11617 3.85918 34.2647 0.903594
97.05 -1.98483 3.9385 34.9631 0.942397
97.1 -1.85101 4.0129 35.633 0.979611
97.15 -1.71488 4.08229 36.2709 1.01505
97.2 -1.5766 4.14657 36.8737 1.04854
97.25 -1.43636 4.20566 37.4384 1.07991
97.3 -1.29431 4.25951 37.962 1.109
97.35 -1.15065 4.30802 38.4421 1.13567
97.4 -1.00555 4.35115 38.8762 1.15979
97.45 -0.859198 4.38885 39.2622 1.18123
97.5 -0.711768 4.42105 39.598 1.19989
97.55 -0.563449 4.44773 39.8821 1.21567
97.6 -0.414425 4.46885 40.1131 1.2285
97.65 -0.264883 4.48439 40.2896 1.23831
97.7 -0.11501 4.49432 40.411 1.24506
97.75 0.0350067 4.49863 40.4765 1.2487
97.8 0.18498 4.49732 40.4859 1.24922
97.85 0.334722 4.49038 40.4391 1.24662
97.9 0.484045 4.47784 40.3363 1.24091
97.95 0.632763 4.45969 40.1781 1.23212
98 0.780691 4.43597 39.9652 1.22029
98.05 0.927642 4.40671 39.6987 1.20548
98.1 1.07343 4.37194 39.3799 1.18777
98.15 1.21788 4.3317 39.0105 1.16725
98.2 1.36081 4.28605 38.5922 1.14401
98.25 1.50204 4.23504 38.1272 1.11818
98.3 1.64139 4.17874 37.6178 1.08988
98.35 1.77869 4.11721 37.0665 1.05925
98.4 1.91376 4.05054 36.4762 1.02645
98.45 2.04644 3.9788 35.8496 0.991646
98.5 2.17657 3.90209 35.1901 0.955003
98.55 2.30397 3.8205 34.5008 0.916709
98.6 2.42849 3.73414 33.7852 0.876955
98.65 2.54998 3.64311 33.0469 0.835939
98.7 2.66828 3.54753 32.2896 0.793866
98.75 2.78324 3.44751 31.5171 0.750948
98.8 2.89473 3.34318 30.7332 0.707397
98.85 3.0026 3.23467 29.9418 0.663433
98.9 3.10671 3.12212 29.1469 0.619274
98.95 3.20694 3.00567 28.3526 0.575142
99 3.30316 2.88546 27.5626 0.531257
99.05 3.39526 2.76164 26.7811 0.487838
99.1 3.48311 2.63437 26.0119 0.445103
99.15 3.5666 2.50381 25.2588 0.403265
99.2 3.64564 2.37012 24.5256 0.362533
99.25 3.72012 2.23346 23.816 0.323111
99.3 3.78995 2.09402 23.1335 0.285195
99.35 3.85504 1.95195 22.4816 0.248976
99.4 3.91531 1.80745 21.8634 0.214635
99.45 3.97069 1.66069 21.2822 0.182342
99.5 4.02111 1.51185 20.7407 0.15226
99.55 4.0665 1.36112 20.2417 0.124539
99.6 4.1068 1.20869 19.7877 0.0993167
99.65 4.14198 1.05475 19.381 0.0767201
99.7 4.17197 0.899488 19.0235 0.056862
99.75 4.19675 0.743104 18.7171 0.0398415
99.8 4.21629 0.585791 18.4634 0.0257438
99.85 4.23055 0.427746 18.2635 0.0146392
99.9 4.23953 0.269167 18.1185 0.00658339
99.95 4.2432 0.110251 18.0291 0.00161651
100 4.24158 -0.0488032 17.9957 -0.000236574
