#t         x         v         E        delta_E/E(0)
0 0 3 18 0
0.05 0.15 2.99812 18 3.90625e-07
0.1 0.299813 2.9925 18 1.56055e-06
0.15 0.44925 2.98314 18.0001 3.50392e-06
0.2 0.598126 2.97005 18.0001 6.21103e-06
0.25 0.746255 2.95324 18.0002 9.66834e-06
0.3 0.893451 2.93275 18.0002 1.38586e-05
0.35 1.03953 2.90858 18.0003 1.87608e-05
0.4 1.18431 2.88079 18.0004 2.43505e-05
0.45 1.32761 2.84939 18.0006 3.05997e-05
0.5 1.46925 2.81443 18.0007 3.74772e-05
0.55 1.60905 2.77595 18.0008 4.49487e-05
0.6 1.74684 2.734 18.001 5.29767e-05
0.65 1.88245 2.68863 18.0011 6.15212e-05
0.7 2.01571 2.63991 18.0013 7.05394e-05
0.75 2.14644 2.58788 18.0014 7.99863e-05
0.8 2.27449 2.53262 18.0016 8.98146e-05
0.85 2.3997 2.47419 18.0018 9.99752e-05
0.9 2.52191 2.41267 18.002 0.000110417
0.95 2.64097 2.34813 18.0022 0.000121089
1 2.75673 2.28066 18.0024 0.000131936
1.05 2.86904 2.21034 18.0026 0.000142906
1.1 2.97776 2.13726 18.0028 0.000153942
1.15 3.08276 2.0615 18.003 0.00016499
1.2 3.18391 1.98317 18.0032 0.000175994
1.25 3.28108 1.90235 18.0034 0.000186901
1.3 3.37414 1.81916 18.0036 0.000197654
1.35 3.46299 1.7337 18.0037 0.0002082
1.4 3.54751 1.64607 18.0039 0.000218487
1.45 3.6276 1.55638 18.0041 0.000228463
1.5 3.70315 1.46474 18.0043 0.000238079
1.55 3.77408 1.37128 18.0045 0.000247285
1.6 3.84028 1.2761 18.0046 0.000256037
1.65 3.90169 1.17932 18.0048 0.000264291
1.7 3.95821 1.08108 18.0049 0.000272004
1.75 4.00979 0.981475 18.005 0.00027914
1.8 4.05636 0.880649 18.0051 0.000285661
1.85 4.09786 0.778721 18.0052 0.000291535
1.9 4.13423 0.67582 18.0053 0.000296734
1.95 4.16544 0.572074 18.0054 0.000301231
2 4.19144 0.467613 18.0055 0.000305003
2.05 4.2122 0.362567 18.0055 0.000308032
2.1 4.2277 0.257069 18.0056 0.000310302
2.15 4.23791 0.151249 18.0056 0.000311803
2.2 4.24282 0.0452394 18.0056 0.000312527
2.25 4.24243 -0.0608263 18.0056 0.000312469
2.3 4.23674 -0.166816 18.0056 0.000311631
2.35 4.22575 -0.272597 18.0056 0.000310017
2.4 4.20948 -0.378037 18.0055 0.000307634
2.45 4.18795 -0.483005 18.0055 0.000304495
2.5 4.16118 -0.587369 18.0054 0.000300615
2.55 4.12921 -0.690999 18.0053 0.000296013
2.6 4.09208 -0.793765 18.0052 0.000290714
2.65 4.04983 -0.895539 18.0051 0.000284742
2.7 4.00252 -0.996194 18.005 0.000278129
2.75 3.95021 -1.0956 18.0049 0.000270906
2.8 3.89296 -1.19364 18.0047 0.000263111
2.85 3.83085 -1.29019 18.0046 0.000254781
2.9 3.76395 -1.38513 18.0044 0.00024596
2.95 3.69234 -1.47833 18.0043 0.00023669
3 3.61611 -1.56968 18.0041 0.000227019
3.05 3.53537 -1.65908 18.0039 0.000216994
3.1 3.4502 -1.7464 18.0037 0.000206665
3.15 3.36073 -1.83153 18.0035 0.000196085
3.2 3.26705 -1.91438 18.0033 0.000185306
3.25 3.16929 -1.99484 18.0031 0.000174382
3.3 3.06757 -2.0728 18.0029 0.000163368
3.35 2.96201 -2.14817 18.0027 0.000152318
3.4 2.85275 -2.22085 18.0025 0.000141288
3.45 2.73993 -2.29076 18.0023 0.000130333
3.5 2.62368 -2.3578 18.0022 0.000119508
3.55 2.50415 -2.4219 18.002 0.000108867
3.6 2.38149 -2.48297 18.0018 9.8463e-05
3.65 2.25585 -2.54094 18.0016 8.83481e-05
3.7 2.12739 -2.59573 18.0014 7.85728e-05
3.75 1.99628 -2.64728 18.0012 6.9186e-05
3.8 1.86266 -2.69551 18.0011 6.02347e-05
3.85 1.72672 -2.74038 18.0009 5.17635e-05
3.9 1.58863 -2.78182 18.0008 4.38148e-05
3.95 1.44854 -2.81979 18.0007 3.64284e-05
4 1.30665 -2.85423 18.0005 2.96411e-05
4.05 1.16312 -2.8851 18.0004 2.34869e-05
4.1 1.01814 -2.91236 18.0003 1.79966e-05
4.15 0.871883 -2.93599 18.0002 1.31976e-05
4.2 0.724539 -2.95594 18.0002 9.11382e-06
4.25 0.576289 -2.9722 18.0001 5.76577e-06
4.3 0.427318 -2.98475 18.0001 3.17015e-06
4.35 0.277814 -2.99356 18 1.33994e-06
4.4 0.127962 -2.99864 18 2.84275e-07
4.45 -0.0220499 -2.99996 18 8.44097e-09
4.5 -0.172034 -2.99753 18 5.13815e-07
4.55 -0.321803 -2.99136 18 1.79787e-06
4.6 -0.47117 -2.98145 18.0001 3.85419e-06
4.65 -0.619948 -2.96781 18.0001 6.67249e-06
4.7 -0.767951 -2.95046 18.0002 1.02387e-05
4.75 -0.914994 -2.92942 18.0003 1.4535e-05
4.8 -1.06089 -2.90473 18.0004 1.95398e-05
4.85 -1.20547 -2.8764 18.0005 2.52283e-05
4.9 -1.34853 -2.84447 18.0006 3.15719e-05
4.95 -1.48991 -2.80899 18.0007 3.85389e-05
5 -1.62943 -2.77 18.0008 4.60946e-05
5.05 -1.76691 -2.72754 18.001 5.42011e-05
5.1 -1.90219 -2.68168 18.0011 6.28179e-05
5.15 -2.03508 -2.63246 18.0013 7.1902e-05
5.2 -2.16543 -2.57996 18.0015 8.1408e-05
5.25 -2.29308 -2.52423 18.0016 9.12883e-05
5.3 -2.41786 -2.46534 18.0018 0.000101493
5.35 -2.53961 -2.40337 18.002 0.000111973
5.4 -2.65819 -2.3384 18.0022 0.000122673
5.45 -2.77345 -2.2705 18.0024 0.000133542
5.5 -2.88524 -2.19977 18.0026 0.000144525
5.55 -2.99343 -2.12629 18.0028 0.000155566
5.6 -3.09787 -2.05015 18.003 0.000166611
5.65 -3.19844 -1.97144 18.0032 0.000177605
5.7 -3.29502 -1.89027 18.0034 0.000188492
5.75 -3.38747 -1.80674 18.0036 0.000199218
5.8 -3.47569 -1.72095 18.0038 0.00020973
5.85 -3.55957 -1.63301 18.004 0.000219974
5.9 -3.63899 -1.54303 18.0041 0.0002299
5.95 -3.71387 -1.45112 18.0043 0.000239459
6 -3.7841 -1.35739 18.0045 0.000248601
6.05 -3.84961 -1.26197 18.0046 0.000257283
6.1 -3.9103 -1.16497 18.0048 0.000265459
6.15 -3.96611 -1.06652 18.0049 0.00027309
6.2 -4.01695 -0.966731 18.005 0.000280137
6.25 -4.06278 -0.865734 18.0052 0.000286565
6.3 -4.10353 -0.763655 18.0053 0.000292342
6.35 -4.13914 -0.660622 18.0054 0.000297439
6.4 -4.16959 -0.556763 18.0054 0.000301831
6.45 -4.19482 -0.452208 18.0055 0.000305495
6.5 -4.21481 -0.347087 18.0056 0.000308413
6.55 -4.22953 -0.241533 18.0056 0.000310571
6.6 -4.23896 -0.135677 18.0056 0.000311958
6.65 -4.2431 -0.0296513 18.0056 0.000312567
6.7 -4.24193 0.0764115 18.0056 0.000312395
6.75 -4.23546 0.182379 18.0056 0.000311442
6.8 -4.22369 0.288118 18.0056 0.000309714
6.85 -4.20664 0.393497 18.0055 0.00030722
6.9 -4.18434 0.498384 18.0055 0.00030397
6.95 -4.15681 0.602649 18.0054 0.000299983
7 -4.12407 0.70616 18.0053 0.000295278
7.05 -4.08619 0.808788 18.0052 0.000289877
7.1 -4.0432 0.910405 18.0051 0.00028381
7.15 -3.99515 1.01088 18.005 0.000277104
7.2 -3.94211 1.1101 18.0049 0.000269795
7.25 -3.88414 1.20793 18.0047 0.000261919
7.3 -3.82131 1.30425 18.0046 0.000253515
7.35 -3.75371 1.39893 18.0044 0.000244624
7.4 -3.68142 1.49187 18.0042 0.000235293
7.45 -3.60453 1.58295 18.0041 0.000225566
7.5 -3.52313 1.67204 18.0039 0.000215493
7.55 -3.43732 1.75905 18.0037 0.000205125
7.6 -3.34722 1.84386 18.0035 0.000194512
7.65 -3.25294 1.92636 18.0033 0.000183708
7.7 -3.15459 2.00645 18.0031 0.000172768
7.75 -3.05229 2.08404 18.0029 0.000161744
7.8 -2.94618 2.15902 18.0027 0.000150694
7.85 -2.83639 2.2313 18.0025 0.000139672
7.9 -2.72305 2.30079 18.0023 0.000128733
7.95 -2.60631 2.36741 18.0021 0.000117931
8 -2.48631 2.43107 18.0019 0.000107322
8.05 -2.3632 2.49169 18.0017 9.69571e-05
8.1 -2.23714 2.54919 18.0016 8.68889e-05
8.15 -2.10828 2.60351 18.0014 7.71677e-05
8.2 -1.97679 2.65457 18.0012 6.7842e-05
8.25 -1.84283 2.70232 18.0011 5.89585e-05
8.3 -1.70656 2.74669 18.0009 5.05615e-05
8.35 -1.56816 2.78762 18.0008 4.2693e-05
8.4 -1.4278 2.82507 18.0006 3.53924e-05
8.45 -1.28565 2.85899 18.0005 2.86962e-05
8.5 -1.1419 2.88933 18.0004 2.26377e-05
8.55 -0.996718 2.91606 18.0003 1.72473e-05
8.6 -0.850292 2.93915 18.0002 1.2552e-05
8.65 -0.702803 2.95857 18.0002 8.5752e-06
8.7 -0.554435 2.97428 18.0001 5.33678e-06
8.75 -0.405375 2.98628 18.0001 2.85293e-06
8.8 -0.255807 2.99454 18 1.13606e-06
8.85 -0.10592 2.99907 18 1.94776e-07
8.9 0.0440993 2.99984 18 3.3763e-08
8.95 0.194064 2.99686 18 6.53831e-07
9 0.343785 2.99014 18 2.05188e-06
9.05 0.493077 2.97968 18.0001 4.22093e-06
9.1 0.641753 2.96549 18.0001 7.15012e-06
9.15 0.789627 2.9476 18.0002 1.08248e-05
9.2 0.936513 2.92602 18.0003 1.52267e-05
9.25 1.08223 2.90079 18.0004 2.03337e-05
9.3 1.22659 2.87193 18.0005 2.61203e-05
9.35 1.36942 2.83948 18.0006 3.25576e-05
9.4 1.51054 2.80348 18.0007 3.96134e-05
9.45 1.64977 2.76397 18.0009 4.72524e-05
9.5 1.78694 2.72102 18.001 5.54365e-05
9.55 1.92187 2.67466 18.0012 6.41248e-05
9.6 2.0544 2.62495 18.0013 7.32738e-05
9.65 2.18437 2.57197 18.0015 8.28378e-05
9.7 2.3116 2.51577 18.0017 9.2769e-05
9.75 2.43594 2.45642 18.0019 0.000103018
9.8 2.55724 2.39401 18.002 0.000113533
9.85 2.67534 2.3286 18.0022 0.000124262
9.9 2.7901 2.26028 18.0024 0.000135151
9.95 2.90137 2.18914 18.0026 0.000146145
10 3.00902 2.11526 18.0028 0.000157191
10.05 3.1129 2.03874 18.003 0.000168232
10.1 3.21289 1.95966 18.0032 0.000179213
10.15 3.30886 1.87814 18.0034 0.00019008
10.2 3.4007 1.79427 18.0036 0.000200778
10.25 3.48829 1.70816 18.0038 0.000211253
10.3 3.57152 1.61991 18.004 0.000221454
10.35 3.65028 1.52964 18.0042 0.000231329
10.4 3.72448 1.43746 18.0043 0.00024083
10.45 3.79403 1.34347 18.0045 0.000249907
10.5 3.85883 1.24781 18.0047 0.000258517
10.55 3.91881 1.15059 18.0048 0.000266616
10.6 3.97389 1.05193 18.0049 0.000274163
10.65 4.024 0.95196 18.0051 0.000281122
10.7 4.06909 0.850797 18.0052 0.000287456
10.75 4.10908 0.748569 18.0053 0.000293135
10.8 4.14394 0.645407 18.0054 0.00029813
10.85 4.17362 0.541437 18.0054 0.000302416
10.9 4.19809 0.436791 18.0055 0.000305971
10.95 4.2173 0.331598 18.0056 0.000308779
11 4.23125 0.225991 18.0056 0.000310824
11.05 4.2399 0.120102 18.0056 0.000312097
11.1 4.24326 0.0140625 18.0056 0.000312591
11.15 4.24131 -0.0919946 18.0056 0.000312304
11.2 4.23406 -0.197937 18.0056 0.000311237
11.25 4.22151 -0.303631 18.0056 0.000309396
11.3 4.20369 -0.408946 18.0055 0.000306789
11.35 4.18062 -0.51375 18.0055 0.00030343
11.4 4.15232 -0.617912 18.0054 0.000299336
11.45 4.11883 -0.721301 18.0053 0.000294527
11.5 4.08019 -0.823789 18.0052 0.000289027
11.55 4.03645 -0.925247 18.0051 0.000282863
11.6 3.98766 -1.02555 18.005 0.000276067
11.65 3.93389 -1.12457 18.0048 0.000268672
11.7 3.87521 -1.22218 18.0047 0.000260716
11.75 3.81168 -1.31827 18.0045 0.000252237
11.8 3.74338 -1.41271 18.0044 0.00024328
11.85 3.67041 -1.50538 18.0042 0.000233887
11.9 3.59284 -1.59617 18.004 0.000224106
11.95 3.51079 -1.68496 18.0039 0.000213987
12 3.42435 -1.77165 18.0037 0.000203579
12.05 3.33362 -1.85613 18.0035 0.000192935
12.1 3.23873 -1.93828 18.0033 0.000182108
12.15 3.1398 -2.01801 18.0031 0.000171151
12.2 3.03693 -2.09522 18.0029 0.000160121
12.25 2.93027 -2.16981 18.0027 0.000149071
12.3 2.81995 -2.24169 18.0025 0.000138058
12.35 2.7061 -2.31077 18.0023 0.000127135
12.4 2.58887 -2.37695 18.0021 0.000116359
12.45 2.46841 -2.44017 18.0019 0.000105782
12.5 2.34486 -2.50034 18.0017 9.54576e-05
12.55 2.21838 -2.55738 18.0015 8.54373e-05
12.6 2.08912 -2.61122 18.0014 7.57712e-05
12.65 1.95725 -2.6618 18.0012 6.65076e-05
12.7 1.82294 -2.70905 18.001 5.76929e-05
12.75 1.68635 -2.75292 18.0009 4.9371e-05
12.8 1.54765 -2.79334 18.0007 4.15836e-05
12.85 1.40701 -2.83028 18.0006 3.43696e-05
12.9 1.26462 -2.86367 18.0005 2.7765e-05
12.95 1.12065 -2.89349 18.0004 2.18029e-05
13 0.975271 -2.91969 18.0003 1.65131e-05
13.05 0.828678 -2.94224 18.0002 1.1922e-05
13.1 0.681048 -2.96111 18.0001 8.05254e-06
13.15 0.532567 -2.97628 18.0001 4.92409e-06
13.2 0.38342 -2.98773 18 2.55227e-06
13.25 0.233794 -2.99544 18 9.48952e-07
13.3 0.0838757 -2.99941 18 1.22138e-07
13.35 -0.0661474 -2.99964 18 7.59633e-08
13.4 -0.216088 -2.99611 18 8.10659e-07
13.45 -0.365758 -2.98883 18 2.32255e-06
13.5 -0.514971 -2.97783 18.0001 4.60409e-06
13.55 -0.663541 -2.96309 18.0001 7.64386e-06
13.6 -0.811281 -2.94466 18.0002 1.14267e-05
13.65 -0.958007 -2.92254 18.0003 1.59336e-05
13.7 -1.10353 -2.89677 18.0004 2.11422e-05
13.75 -1.24768 -2.86738 18.0005 2.70263e-05
13.8 -1.39027 -2.83441 18.0006 3.35566e-05
13.85 -1.53112 -2.79789 18.0007 4.07004e-05
13.9 -1.67006 -2.75788 18.0009 4.8422e-05
13.95 -1.80691 -2.71441 18.001 5.66829e-05
14 -1.9415 -2.66756 18.0012 6.54416e-05
14.05 -2.07367 -2.61737 18.0013 7.46545e-05
14.1 -2.20324 -2.56391 18.0015 8.42755e-05
14.15 -2.33006 -2.50724 18.0017 9.42565e-05
14.2 -2.45396 -2.44744 18.0019 0.000104548
14.25 -2.5748 -2.38458 18.0021 0.000115097
14.3 -2.69242 -2.31874 18.0023 0.000125853
14.35 -2.80668 -2.25 18.0025 0.000136761
14.4 -2.91742 -2.17845 18.0027 0.000147767
14.45 -3.02452 -2.10418 18.0029 0.000158815
14.5 -3.12784 -2.02727 18.0031 0.000169851
14.55 -3.22725 -1.94783 18.0033 0.000180818
14.6 -3.32262 -1.86596 18.0034 0.000191664
14.65 -3.41385 -1.78175 18.0036 0.000202332
14.7 -3.5008 -1.69532 18.0038 0.000212771
14.75 -3.58338 -1.60677 18.004 0.000222927
14.8 -3.66148 -1.51621 18.0042 0.00023275
14.85 -3.735 -1.42375 18.0044 0.000242191
14.9 -3.80385 -1.32952 18.0045 0.000251203
14.95 -3.86795 -1.23362 18.0047 0.00025974
15 -3.92721 -1.13618 18.0048 0.000267761
15.05 -3.98157 -1.03732 18.005 0.000275224
15.1 -4.03095 -0.937164 18.0051 0.000282092
15.15 -4.07528 -0.835836 18.0052 0.000288332
15.2 -4.11453 -0.733463 18.0053 0.000293912
15.25 -4.14863 -0.630174 18.0054 0.000298805
15.3 -4.17755 -0.526096 18.0055 0.000302984
15.35 -4.20124 -0.421362 18.0055 0.000306431
15.4 -4.21968 -0.3161 18.0056 0.000309127
15.45 -4.23285 -0.210443 18.0056 0.000311059
15.5 -4.24073 -0.104524 18.0056 0.000312218
15.55 -4.2433 0.00152677 18.0056 0.000312598
15.6 -4.24057 0.107575 18.0056 0.000312196
15.65 -4.23255 0.213489 18.0056 0.000311015
15.7 -4.21923 0.319136 18.0056 0.00030906
15.75 -4.20063 0.424385 18.0055 0.000306342
15.8 -4.17679 0.529102 18.0055 0.000302874
15.85 -4.14772 0.633159 18.0054 0.000298674
15.9 -4.11347 0.736424 18.0053 0.000293761
15.95 -4.07408 0.838768 18.0052 0.000288162
16 -4.02959 0.940064 18.0051 0.000281903
16.05 -3.98007 1.04018 18.005 0.000275017
16.1 -3.92558 1.13901 18.0048 0.000267537
16.15 -3.86617 1.2364 18.0047 0.000259502
16.2 -3.80194 1.33225 18.0045 0.00025095
16.25 -3.73295 1.42644 18.0044 0.000241925
16.3 -3.65929 1.51884 18.0042 0.000232473
16.35 -3.58106 1.60935 18.004 0.000222639
16.4 -3.49836 1.69784 18.0038 0.000212474
16.45 -3.41128 1.78421 18.0036 0.000202028
16.5 -3.31994 1.86835 18.0034 0.000191354
16.55 -3.22444 1.95016 18.0032 0.000180504
16.6 -3.12492 2.02952 18.0031 0.000169534
16.65 -3.02149 2.10635 18.0029 0.000158497
16.7 -2.91429 2.18055 18.0027 0.000147449
16.75 -2.80344 2.25202 18.0025 0.000136445
16.8 -2.68908 2.32068 18.0023 0.000125541
16.85 -2.57137 2.38643 18.0021 0.000114791
16.9 -2.45044 2.44921 18.0019 0.000104248
16.95 -2.32645 2.50892 18.0017 9.39646e-05
17 -2.19955 2.56549 18.0015 8.39933e-05
17.05 -2.0699 2.61886 18.0013 7.43834e-05
17.1 -1.93766 2.66895 18.0012 6.51829e-05
17.15 -1.803 2.71571 18.001 5.64379e-05
17.2 -1.66609 2.75908 18.0009 4.8192e-05
17.25 -1.5271 2.79899 18.0007 4.04865e-05
17.3 -1.38619 2.83541 18.0006 3.33599e-05
17.35 -1.24356 2.86828 18.0005 2.68477e-05
17.4 -1.09936 2.89757 18.0004 2.09827e-05
17.45 -0.953799 2.92323 18.0003 1.5794e-05
17.5 -0.807041 2.94524 18.0002 1.13076e-05
17.55 -0.659274 2.96357 18.0001 7.54588e-06
17.6 -0.510684 2.97819 18.0001 4.52774e-06
17.65 -0.361455 2.9891 18 2.26822e-06
17.7 -0.211774 2.99626 18 7.78618e-07
17.75 -0.0618289 2.99968 18 6.63683e-08
17.8 0.0881938 2.99935 18 1.35037e-07
17.85 0.238106 2.99527 18 9.84281e-07
17.9 0.387721 2.98745 18 2.60986e-06
17.95 0.536851 2.97589 18.0001 5.00363e-06
18 0.68531 2.96062 18.0001 8.15365e-06
18.05 0.832913 2.94164 18.0002 1.20442e-05
18.1 0.979474 2.91898 18.0003 1.66557e-05
18.15 1.12481 2.89268 18.0004 2.19653e-05
18.2 1.26874 2.86276 18.0005 2.79463e-05
18.25 1.41109 2.82926 18.0006 3.45689e-05
18.3 1.55167 2.79223 18.0008 4.17999e-05
18.35 1.69031 2.7517 18.0009 4.96033e-05
18.4 1.82684 2.70774 18.001 5.79399e-05
18.45 1.96108 2.66039 18.0012 6.67682e-05
18.5 2.09288 2.60972 18.0014 7.60441e-05
18.55 2.22206 2.55578 18.0015 8.5721e-05
18.6 2.34846 2.49865 18.0017 9.57508e-05
18.65 2.47192 2.43839 18.0019 0.000106083
18.7 2.5923 2.37509 18.0021 0.000116667
18.75 2.70943 2.30882 18.0023 0.000127448
18.8 2.82318 2.23966 18.0025 0.000138374
18.85 2.9334 2.1677 18.0027 0.000149389
18.9 3.03995 2.09304 18.0029 0.000160439
18.95 3.1427 2.01575 18.0031 0.000171468
19 3.24152 1.93595 18.0033 0.000182421
19.05 3.33629 1.85373 18.0035 0.000193244
19.1 3.4269 1.76919 18.0037 0.000203882
19.15 3.51321 1.68244 18.0039 0.000214282
19.2 3.59514 1.59358 18.004 0.000224393
19.25 3.67257 1.50274 18.0042 0.000234163
19.3 3.74541 1.41001 18.0044 0.000243544
19.35 3.81357 1.31552 18.0045 0.000252488
19.4 3.87697 1.21939 18.0047 0.000260952
19.45 3.93551 1.12174 18.0048 0.000268893
19.5 3.98914 1.02268 18.005 0.000276271
19.55 4.03778 0.922342 18.0051 0.00028305
19.6 4.08137 0.820853 18.0052 0.000289195
19.65 4.11987 0.718337 18.0053 0.000294675
19.7 4.15321 0.614924 18.0054 0.000299464
19.75 4.18136 0.510742 18.0055 0.000303537
19.8 4.20428 0.405921 18.0055 0.000306875
19.85 4.22195 0.300593 18.0056 0.000309459
19.9 4.23434 0.19489 18.0056 0.000311278
19.95 4.24144 0.0889424 18.0056 0.000312323
20 4.24323 -0.017116 18.0056 0.000312588
20.05 4.23973 -0.123153 18.0056 0.000312071
20.1 4.23092 -0.229036 18.0056 0.000310776
20.15 4.21682 -0.334633 18.0056 0.000308708
20.2 4.19746 -0.439811 18.0055 0.000305879
20.25 4.17284 -0.54444 18.0054 0.000302302
20.3 4.14301 -0.648388 18.0054 0.000297996
20.35 4.108 -0.751526 18.0053 0.000292981
20.4 4.06786 -0.853724 18.0052 0.000287283
20.45 4.02263 -0.954855 18.0051 0.00028093
20.5 3.97237 -1.05479 18.0049 0.000273954
20.55 3.91715 -1.15341 18.0048 0.00026639
20.6 3.85703 -1.25059 18.0046 0.000258276
20.65 3.79209 -1.3462 18.0045 0.000249652
20.7 3.72241 -1.44013 18.0043 0.000240562
20.75 3.64808 -1.53227 18.0042 0.00023105
20.8 3.56919 -1.62248 18.004 0.000221165
20.85 3.48583 -1.71067 18.0038 0.000210955
20.9 3.39812 -1.79672 18.0036 0.000200472
20.95 3.30616 -1.88052 18.0034 0.000189769
21 3.21007 -1.96198 18.0032 0.000178898
21.05 3.10996 -2.04098 18.003 0.000167914
21.1 3.00597 -2.11742 18.0028 0.000156872
21.15 2.89822 -2.19123 18.0026 0.000145828
21.2 2.78685 -2.26229 18.0024 0.000134835
21.25 2.67199 -2.33053 18.0022 0.00012395
21.3 2.55379 -2.39585 18.002 0.000113227
21.35 2.43241 -2.45818 18.0018 0.000102719
21.4 2.30798 -2.51743 18.0017 9.24784e-05
21.45 2.18066 -2.57354 18.0015 8.25571e-05
21.5 2.05062 -2.62643 18.0013 7.30044e-05
21.55 1.91802 -2.67604 18.0011 6.3868e-05
21.6 1.78302 -2.7223 18.001 5.51937e-05
21.65 1.64579 -2.76516 18.0008 4.70247e-05
21.7 1.5065 -2.80456 18.0007 3.94019e-05
21.75 1.36533 -2.84046 18.0006 3.23634e-05
21.8 1.22246 -2.87281 18.0005 2.59444e-05
21.85 1.07805 -2.90157 18.0004 2.0177e-05
21.9 0.9323 -2.9267 18.0003 1.509e-05
21.95 0.785383 -2.94817 18.0002 1.07088e-05
22 0.637483 -2.96595 18.0001 7.0553e-06
22.05 0.488787 -2.98003 18.0001 4.1478e-06
22.1 0.33948 -2.99038 18 2.00081e-06
22.15 0.189749 -2.997 18 6.25081e-07
22.2 0.0397805 -2.99987 18 2.74737e-08
22.25 -0.110238 -2.99899 18 2.10979e-07
22.3 -0.260118 -2.99436 18 1.17468e-06
22.35 -0.409674 -2.98599 18.0001 2.91376e-06
22.4 -0.558717 -2.97388 18.0001 5.41952e-06
22.45 -0.707062 -2.95806 18.0002 8.67945e-06
22.5 -0.854523 -2.93854 18.0002 1.26772e-05
22.55 -1.00092 -2.91535 18.0003 1.73929e-05
22.6 -1.14606 -2.88851 18.0004 2.28029e-05
22.65 -1.28977 -2.85806 18.0005 2.88802e-05
22.7 -1.43186 -2.82404 18.0006 3.55943e-05
22.75 -1.57217 -2.78649 18.0008 4.29118e-05
22.8 -1.71051 -2.74546 18.0009 5.0796e-05
22.85 -1.84672 -2.70099 18.0011 5.92076e-05
22.9 -1.98061 -2.65315 18.0012 6.81045e-05
22.95 -2.11203 -2.60199 18.0014 7.74423e-05
23 -2.24081 -2.54758 18.0016 8.71742e-05
23.05 -2.36679 -2.48999 18.0018 9.72516e-05
23.1 -2.48981 -2.42928 18.0019 0.000107624
23.15 -2.60972 -2.36553 18.0021 0.00011824
23.2 -2.72636 -2.29883 18.0023 0.000129046
23.25 -2.8396 -2.22926 18.0025 0.000139988
23.3 -2.94929 -2.1569 18.0027 0.000151012
23.35 -3.05529 -2.08184 18.0029 0.000162062
23.4 -3.15747 -2.00418 18.0031 0.000173084
23.45 -3.25571 -1.92402 18.0033 0.000184021
23.5 -3.34987 -1.84145 18.0035 0.00019482
23.55 -3.43985 -1.75657 18.0037 0.000205427
23.6 -3.52553 -1.66951 18.0039 0.000215788
23.65 -3.6068 -1.58035 18.0041 0.000225851
23.7 -3.68357 -1.48922 18.0042 0.000235567
23.75 -3.75573 -1.39623 18.0044 0.000244887
23.8 -3.82319 -1.3015 18.0046 0.000253764
23.85 -3.88588 -1.20513 18.0047 0.000262153
23.9 -3.9437 -1.10726 18.0049 0.000270014
23.95 -3.9966 -1.00801 18.005 0.000277306
24 -4.0445 -0.907495 18.0051 0.000283993
24.05 -4.08735 -0.805847 18.0052 0.000290042
24.1 -4.12509 -0.703192 18.0053 0.000295423
24.15 -4.15767 -0.599657 18.0054 0.000300108
24.2 -4.18505 -0.495373 18.0055 0.000304074
24.25 -4.20721 -0.39047 18.0055 0.000307302
24.3 -4.2241 -0.285078 18.0056 0.000309775
24.35 -4.23572 -0.179331 18.0056 0.000311481
24.4 -4.24203 -0.0733589 18.0056 0.000312411
24.45 -4.24305 0.0327047 18.0056 0.000312561
24.5 -4.23876 0.138727 18.0056 0.000311929
24.55 -4.22918 0.244577 18.0056 0.00031052
24.6 -4.21431 0.35012 18.0056 0.00030834
24.65 -4.19417 0.455226 18.0055 0.0003054
24.7 -4.16878 0.559763 18.0054 0.000301715
24.75 -4.13819 0.6636 18.0054 0.000297302
24.8 -4.10242 0.766608 18.0053 0.000292185
24.85 -4.06153 0.868657 18.0052 0.000286389
24.9 -4.01556 0.969621 18.005 0.000279943
24.95 -3.96457 1.06937 18.0049 0.000272878
25 -3.90862 1.16779 18.0048 0.000265231
25.05 -3.84779 1.26474 18.0046 0.00025704
25.1 -3.78215 1.36012 18.0045 0.000248344
25.15 -3.71178 1.45379 18.0043 0.000239189
25.2 -3.63677 1.54565 18.0041 0.000229619
25.25 -3.55721 1.63557 18.004 0.000219683
25.3 -3.47321 1.72345 18.0038 0.00020943
25.35 -3.38487 1.80918 18.0036 0.000198912
25.4 -3.29229 1.89264 18.0034 0.00018818
25.45 -3.1956 1.97374 18.0032 0.00017729
25.5 -3.09492 2.05237 18.003 0.000166294
25.55 -2.99037 2.12844 18.0028 0.000155248
25.6 -2.88207 2.20184 18.0026 0.000144208
25.65 -2.77018 2.2725 18.0024 0.000133227
25.7 -2.65482 2.34031 18.0022 0.000122363
25.75 -2.53615 2.4052 18.002 0.000111668
25.8 -2.41431 2.46708 18.0018 0.000101196
25.85 -2.28944 2.52588 18.0016 9.09991e-05
25.9 -2.16172 2.58151 18.0015 8.11289e-05
25.95 -2.03129 2.63393 18.0013 7.16344e-05
26 -1.89832 2.68305 18.0011 6.25631e-05
26.05 -1.76299 2.72881 18.001 5.39604e-05
26.1 -1.62544 2.77117 18.0008 4.58692e-05
26.15 -1.48587 2.81006 18.0007 3.833e-05
26.2 -1.34444 2.84544 18.0006 3.13804e-05
26.25 -1.20132 2.87726 18.0005 2.50552e-05
26.3 -1.05671 2.90549 18.0003 1.93861e-05
26.35 -0.910776 2.93008 18.0003 1.44013e-05
26.4 -0.763703 2.95101 18.0002 1.01257e-05
26.45 -0.615675 2.96825 18.0001 6.58083e-06
26.5 -0.466878 2.98179 18.0001 3.78428e-06
26.55 -0.317497 2.99159 18 1.75007e-06
26.6 -0.167719 2.99766 18 4.8836e-07
26.65 -0.017731 2.99997 18 5.4581e-09
26.7 0.132279 2.99854 18 3.03779e-07
26.75 0.282123 2.99336 18 1.38183e-06
26.8 0.431615 2.98444 18.0001 3.23423e-06
26.85 0.580567 2.97179 18.0001 5.85171e-06
26.9 0.728794 2.95542 18.0002 9.22119e-06
26.95 0.876109 2.93536 18.0002 1.33258e-05
27 1.02233 2.91163 18.0003 1.81451e-05
27.05 1.16727 2.88426 18.0004 2.36549e-05
27.1 1.31076 2.85328 18.0005 2.98278e-05
27.15 1.4526 2.81874 18.0007 3.66328e-05
27.2 1.59263 2.78068 18.0008 4.40359e-05
27.25 1.73067 2.73914 18.0009 5.20002e-05
27.3 1.86654 2.69417 18.0011 6.04858e-05
27.35 2.00009 2.64584 18.0013 6.94504e-05
27.4 2.13113 2.5942 18.0014 7.8849e-05
27.45 2.2595 2.53931 18.0016 8.86348e-05
27.5 2.38506 2.48126 18.0018 9.87588e-05
27.55 2.50763 2.4201 18.002 0.00010917
27.6 2.62707 2.35591 18.0022 0.000119818
27.65 2.74322 2.28879 18.0024 0.000130647
27.7 2.85595 2.2188 18.0025 0.000141605
27.75 2.9651 2.14603 18.0027 0.000152636
27.8 3.07055 2.07059 18.0029 0.000163685
27.85 3.17216 1.99255 18.0031 0.000174698
27.9 3.26981 1.91203 18.0033 0.000185619
27.95 3.36336 1.82911 18.0035 0.000196393
28 3.45272 1.74391 18.0037 0.000206966
28.05 3.53775 1.65653 18.0039 0.000217287
28.1 3.61837 1.56708 18.0041 0.000227302
28.15 3.69446 1.47567 18.0043 0.000236963
28.2 3.76594 1.38242 18.0044 0.00024622
28.25 3.8327 1.28743 18.0046 0.000255028
28.3 3.89468 1.19084 18.0047 0.000263343
28.35 3.95179 1.09276 18.0049 0.000271122
28.4 4.00396 0.993313 18.005 0.000278328
28.45 4.05112 0.892624 18.0051 0.000284923
28.5 4.09322 0.79082 18.0052 0.000290876
28.55 4.1302 0.688027 18.0053 0.000296156
28.6 4.16202 0.584374 18.0054 0.000300737
28.65 4.18864 0.479991 18.0055 0.000304595
28.7 4.21002 0.375008 18.0055 0.000307713
28.75 4.22614 0.269556 18.0056 0.000310074
28.8 4.23698 0.163767 18.0056 0.000311666
28.85 4.24252 0.0577733 18.0056 0.000312482
28.9 4.24275 -0.0482926 18.0056 0.000312517
28.95 4.23769 -0.154298 18.0056 0.000311771
29 4.22732 -0.260111 18.0056 0.000310248
29.05 4.21168 -0.365598 18.0055 0.000307955
29.1 4.19076 -0.470629 18.0055 0.000304905
29.15 4.16461 -0.575071 18.0054 0.000301111
29.2 4.13326 -0.678794 18.0053 0.000296594
29.25 4.09673 -0.781669 18.0052 0.000291376
29.3 4.05509 -0.883567 18.0051 0.000285482
29.35 4.00838 -0.98436 18.005 0.000278943
29.4 3.95665 -1.08392 18.0049 0.00027179
29.45 3.89999 -1.18213 18.0048 0.00026406
29.5 3.83844 -1.27886 18.0046 0.000255792
29.55 3.7721 -1.37399 18.0044 0.000247027
29.6 3.70104 -1.46741 18.0043 0.000237807
29.65 3.62536 -1.55899 18.0041 0.000228181
29.7 3.54514 -1.64862 18.0039 0.000218195
29.75 3.4605 -1.73619 18.0037 0.0002079
29.8 3.37152 -1.82159 18.0036 0.000197347
29.85 3.27834 -1.90471 18.0034 0.000186588
29.9 3.18105 -1.98546 18.0032 0.000175679
29.95 3.07979 -2.06372 18.003 0.000164672
30 2.97468 -2.1394 18.0028 0.000153624
30.05 2.86585 -2.2124 18.0026 0.000142589
30.1 2.75344 -2.28264 18.0024 0.000131622
30.15 2.63759 -2.35003 18.0022 0.000120779
30.2 2.51844 -2.41448 18.002 0.000110113
30.25 2.39614 -2.47591 18.0018 9.96785e-05
30.3 2.27085 -2.53425 18.0016 8.95268e-05
30.35 2.14271 -2.58942 18.0014 7.97088e-05
30.4 2.0119 -2.64135 18.0013 7.02736e-05
30.45 1.87858 -2.68999 18.0011 6.12684e-05
30.5 1.74291 -2.73525 18.0009 5.27382e-05
30.55 1.60505 -2.7771 18.0008 4.47256e-05
30.6 1.46519 -2.81548 18.0007 3.72708e-05
30.65 1.32351 -2.85034 18.0005 3.04109e-05
30.7 1.18016 -2.88164 18.0004 2.41802e-05
30.75 1.03534 -2.90933 18.0003 1.86099e-05
30.8 0.889228 -2.93339 18.0002 1.37279e-05
30.85 0.742003 -2.95378 18.0002 9.55848e-06
30.9 0.59385 -2.97048 18.0001 6.12254e-06
30.95 0.444955 -2.98346 18.0001 3.43724e-06
31 0.295504 -2.99272 18 1.51602e-06
31.05 0.145684 -2.99823 18 3.68467e-07
31.1 -0.00431903 -3 18 3.23853e-10
31.15 -0.154316 -2.99802 18 4.13429e-07
31.2 -0.304121 -2.99229 18 1.60572e-06
31.25 -0.453545 -2.98281 18.0001 3.57123e-06
31.3 -0.602402 -2.96961 18.0001 6.30014e-06
31.35 -0.750506 -2.9527 18.0002 9.77881e-06
31.4 -0.897672 -2.9321 18.0003 1.39899e-05
31.45 -1.04372 -2.90783 18.0003 1.89122e-05
31.5 -1.18846 -2.87993 18.0004 2.45213e-05
31.55 -1.33171 -2.84843 18.0006 3.07891e-05
31.6 -1.4733 -2.81337 18.0007 3.76842e-05
31.65 -1.61305 -2.77479 18.0008 4.51722e-05
31.7 -1.75078 -2.73274 18.001 5.32157e-05
31.75 -1.88632 -2.68728 18.0011 6.17744e-05
31.8 -2.01951 -2.63845 18.0013 7.08056e-05
31.85 -2.15017 -2.58633 18.0014 8.02641e-05
31.9 -2.27814 -2.53098 18.0016 9.01027e-05
31.95 -2.40326 -2.47246 18.0018 0.000100272
32 -2.52538 -2.41085 18.002 0.000110722
32.05 -2.64435 -2.34623 18.0022 0.000121399
32.1 -2.76001 -2.27868 18.0024 0.000132251
32.15 -2.87222 -2.20827 18.0026 0.000143223
32.2 -2.98084 -2.13511 18.0028 0.00015426
32.25 -3.08573 -2.05928 18.003 0.000165308
32.3 -3.18676 -1.98087 18.0032 0.00017631
32.35 -3.28381 -1.89999 18.0034 0.000187213
32.4 -3.37676 -1.81673 18.0036 0.00019796
32.45 -3.46549 -1.73121 18.0038 0.0002085
32.5 -3.54988 -1.64351 18.0039 0.000218779
32.55 -3.62984 -1.55377 18.0041 0.000228745
32.6 -3.70526 -1.46208 18.0043 0.00023835
32.65 -3.77605 -1.36856 18.0045 0.000247544
32.7 -3.84212 -1.27333 18.0046 0.000256282
32.75 -3.90338 -1.17652 18.0048 0.000264521
32.8 -3.95977 -1.07823 18.0049 0.000272218
32.85 -4.0112 -0.978589 18.005 0.000279336
32.9 -4.05763 -0.877729 18.0051 0.000285839
32.95 -4.09898 -0.775772 18.0053 0.000291695
33 -4.1352 -0.672844 18.0053 0.000296873
33.05 -4.16626 -0.569076 18.0054 0.000301349
33.1 -4.19211 -0.464596 18.0055 0.000305101
33.15 -4.21272 -0.359536 18.0055 0.000308108
33.2 -4.22806 -0.254026 18.0056 0.000310356
33.25 -4.23812 -0.148199 18.0056 0.000311835
33.3 -4.24288 -0.0421862 18.0056 0.000312536
33.35 -4.24234 0.0638791 18.0056 0.000312456
33.4 -4.2365 0.169865 18.0056 0.000311595
33.45 -4.22536 0.275638 18.0056 0.000309959
33.5 -4.20893 0.381066 18.0055 0.000307554
33.55 -4.18725 0.486019 18.0055 0.000304393
33.6 -4.16033 0.590363 18.0054 0.000300492
33.65 -4.12821 0.69397 18.0053 0.00029587
33.7 -4.09093 0.796709 18.0052 0.000290551
33.75 -4.04854 0.898453 18.0051 0.000284561
33.8 -4.00109 0.999073 18.005 0.000277929
33.85 -3.94863 1.09844 18.0049 0.000270689
33.9 -3.89124 1.19644 18.0047 0.000262878
33.95 -3.82899 1.29295 18.0046 0.000254534
34 -3.76195 1.38783 18.0044 0.000245699
34.05 -3.69021 1.48098 18.0043 0.000236417
34.1 -3.61385 1.57229 18.0041 0.000226735
34.15 -3.53298 1.66162 18.0039 0.0002167
34.2 -3.44769 1.74888 18.0037 0.000206364
34.25 -3.35809 1.83395 18.0035 0.000195777
34.3 -3.26429 1.91673 18.0033 0.000184993
34.35 -3.16642 1.99712 18.0031 0.000174066
34.4 -3.06458 2.075 18.0029 0.00016305
34.45 -2.95892 2.1503 18.0027 0.000152
34.5 -2.84955 2.2229 18.0025 0.000140971
34.55 -2.73663 2.29273 18.0023 0.00013002
34.6 -2.62028 2.35969 18.0021 0.000119199
34.65 -2.50066 2.4237 18.002 0.000108564
34.7 -2.37791 2.48468 18.0018 9.81676e-05
34.75 -2.25219 2.54256 18.0016 8.80617e-05
34.8 -2.12365 2.59726 18.0014 7.82969e-05
34.85 -1.99246 2.64871 18.0012 6.8922e-05
34.9 -1.85878 2.69685 18.0011 5.99839e-05
34.95 -1.72278 2.74162 18.0009 5.15271e-05
35 -1.58462 2.78296 18.0008 4.35941e-05
35.05 -1.44448 2.82083 18.0007 3.62244e-05
35.1 -1.30254 2.85516 18.0005 2.94549e-05
35.15 -1.15897 2.88593 18.0004 2.33194e-05
35.2 -1.01394 2.91309 18.0003 1.78487e-05
35.25 -0.867656 2.93661 18.0002 1.30699e-05
35.3 -0.720283 2.95646 18.0002 9.00707e-06
35.35 -0.572009 2.97262 18.0001 5.68046e-06
35.4 -0.423021 2.98506 18.0001 3.10671e-06
35.45 -0.273504 2.99376 18 1.29869e-06
35.5 -0.123645 2.99873 18 2.65417e-07
35.55 0.0263689 2.99994 18 1.20715e-08
35.6 0.17635 2.99741 18 5.39916e-07
35.65 0.32611 2.99113 18 1.84631e-06
35.7 0.475462 2.98111 18.0001 3.92473e-06
35.75 0.62422 2.96736 18.0001 6.76478e-06
35.8 0.772198 2.94991 18.0002 1.03523e-05
35.85 0.919211 2.92876 18.0003 1.46693e-05
35.9 1.06507 2.90396 18.0004 1.96942e-05
35.95 1.20961 2.87553 18.0005 2.54019e-05
36 1.35263 2.8435 18.0006 3.17639e-05
36.05 1.49396 2.80792 18.0007 3.87484e-05
36.1 1.63342 2.76882 18.0008 4.63205e-05
36.15 1.77084 2.72627 18.001 5.44422e-05
36.2 1.90605 2.68031 18.0011 6.30731e-05
36.25 2.03887 2.631 18.0013 7.217e-05
36.3 2.16915 2.5784 18.0015 8.16874e-05
36.35 2.29671 2.52258 18.0016 9.15777e-05
36.4 2.4214 2.4636 18.0018 0.000101792
36.45 2.54307 2.40154 18.002 0.000112278
36.5 2.66156 2.33648 18.0022 0.000122984
36.55 2.77672 2.26851 18.0024 0.000133857
36.6 2.88841 2.19769 18.0026 0.000144842
36.65 2.99649 2.12413 18.0028 0.000155884
36.7 3.10082 2.04791 18.003 0.000166929
36.75 3.20128 1.96914 18.0032 0.00017792
36.8 3.29774 1.8879 18.0034 0.000188803
36.85 3.39007 1.8043 18.0036 0.000199524
36.9 3.47817 1.71845 18.0038 0.000210028
36.95 3.56191 1.63045 18.004 0.000220264
37 3.64121 1.54041 18.0041 0.000230181
37.05 3.71596 1.44845 18.0043 0.000239728
37.1 3.78606 1.35467 18.0045 0.000248858
37.15 3.85142 1.2592 18.0046 0.000257525
37.2 3.91198 1.16216 18.0048 0.000265687
37.25 3.96764 1.06366 18.0049 0.000273301
37.3 4.01834 0.96384 18.005 0.000280331
37.35 4.06402 0.86281 18.0052 0.000286741
37.4 4.10462 0.760702 18.0053 0.000292499
37.45 4.14009 0.657643 18.0054 0.000297576
37.5 4.17039 0.553762 18.0054 0.000301947
37.55 4.19547 0.449189 18.0055 0.00030559
37.6 4.21531 0.344054 18.0056 0.000308486
37.65 4.22987 0.238489 18.0056 0.000310622
37.7 4.23916 0.132627 18.0056 0.000311987
37.75 4.24314 0.0265979 18.0056 0.000312573
37.8 4.24181 -0.079464 18.0056 0.000312378
37.85 4.23519 -0.185427 18.0056 0.000311403
37.9 4.22327 -0.291157 18.0056 0.000309653
37.95 4.20607 -0.396524 18.0055 0.000307137
38 4.18362 -0.501395 18.0055 0.000303866
38.05 4.15594 -0.60564 18.0054 0.000299858
38.1 4.12306 -0.709127 18.0053 0.000295132
38.15 4.08502 -0.811728 18.0052 0.000289712
38.2 4.04188 -0.913314 18.0051 0.000283625
38.25 3.99369 -1.01376 18.005 0.000276902
38.3 3.94051 -1.11294 18.0049 0.000269576
38.35 3.8824 -1.21072 18.0047 0.000261684
38.4 3.81943 -1.307 18.0046 0.000253265
38.45 3.7517 -1.40163 18.0044 0.000244362
38.5 3.67927 -1.49452 18.0042 0.000235018
38.55 3.60225 -1.58554 18.0041 0.000225281
38.6 3.52072 -1.67458 18.0039 0.000215199
38.65 3.43479 -1.76152 18.0037 0.000204822
38.7 3.34457 -1.84626 18.0035 0.000194203
38.75 3.25016 -1.9287 18.0033 0.000183395
38.8 3.1517 -2.00872 18.0031 0.000172451
38.85 3.04929 -2.08623 18.0029 0.000161426
38.9 2.94307 -2.16114 18.0027 0.000150376
38.95 2.83318 -2.23334 18.0025 0.000139356
39 2.71974 -2.30275 18.0023 0.00012842
39.05 2.6029 -2.36929 18.0021 0.000117623
39.1 2.48281 -2.43286 18.0019 0.00010702
39.15 2.35961 -2.49339 18.0017 9.66629e-05
39.2 2.23347 -2.5508 18.0016 8.6604e-05
39.25 2.10453 -2.60503 18.0014 7.68935e-05
39.3 1.97297 -2.65599 18.0012 6.75799e-05
39.35 1.83894 -2.70364 18.0011 5.87098e-05
39.4 1.7026 -2.74791 18.0009 5.03274e-05
39.45 1.56414 -2.78875 18.0008 4.24748e-05
39.5 1.42373 -2.8261 18.0006 3.5191e-05
39.55 1.28153 -2.85991 18.0005 2.85127e-05
39.6 1.13774 -2.89015 18.0004 2.2473e-05
39.65 0.992519 -2.91678 18.0003 1.71023e-05
39.7 0.84606 -2.93976 18.0002 1.24274e-05
39.75 0.698543 -2.95907 18.0002 8.47157e-06
39.8 0.550153 -2.97468 18.0001 5.25466e-06
39.85 0.401075 -2.98657 18.0001 2.79273e-06
39.9 0.251496 -2.99473 18 1.09809e-06
39.95 0.101602 -2.99914 18 1.7922e-07
40 -0.0484181 -2.9998 18 4.06998e-08
40.05 -0.198378 -2.99672 18 6.83226e-07
40.1 -0.34809 -2.98989 18 2.10359e-06
40.15 -0.497367 -2.97932 18.0001 4.29469e-06
40.2 -0.646022 -2.96503 18.0001 7.24557e-06
40.25 -0.79387 -2.94703 18.0002 1.09415e-05
40.3 -0.940725 -2.92535 18.0003 1.5364e-05
40.35 -1.0864 -2.90001 18.0004 2.04909e-05
40.4 -1.23073 -2.87104 18.0005 2.62966e-05
40.45 -1.37351 -2.83849 18.0006 3.27522e-05
40.5 -1.51457 -2.80239 18.0007 3.98253e-05
40.55 -1.65375 -2.76279 18.0009 4.74806e-05
40.6 -1.79085 -2.71973 18.001 5.56798e-05
40.65 -1.92572 -2.67327 18.0012 6.43819e-05
40.7 -2.05818 -2.62347 18.0013 7.35435e-05
40.75 -2.18807 -2.57039 18.0015 8.31188e-05
40.8 -2.31522 -2.5141 18.0017 9.30598e-05
40.85 -2.43948 -2.45467 18.0019 0.000103317
40.9 -2.56069 -2.39217 18.002 0.000113839
40.95 -2.6787 -2.32668 18.0022 0.000124573
41 -2.79335 -2.25827 18.0024 0.000135466
41.05 -2.90452 -2.18705 18.0026 0.000146463
41.1 -3.01206 -2.11309 18.0028 0.000157509
41.15 -3.11583 -2.0365 18.003 0.000168549
41.2 -3.21571 -1.95735 18.0032 0.000179528
41.25 -3.31157 -1.87576 18.0034 0.00019039
41.3 -3.40329 -1.79182 18.0036 0.000201082
41.35 -3.49075 -1.70565 18.0038 0.000211551
41.4 -3.57385 -1.61734 18.004 0.000221743
41.45 -3.65248 -1.52701 18.0042 0.000231608
41.5 -3.72655 -1.43477 18.0043 0.000241097
41.55 -3.79596 -1.34074 18.0045 0.000250162
41.6 -3.86063 -1.24504 18.0047 0.000258757
41.65 -3.92046 -1.14777 18.0048 0.000266841
41.7 -3.9754 -1.04907 18.0049 0.000274372
41.75 -4.02537 -0.949064 18.0051 0.000281313
41.8 -4.07031 -0.847868 18.0052 0.000287629
41.85 -4.11016 -0.745612 18.0053 0.000293288
41.9 -4.14487 -0.642424 18.0054 0.000298263
41.95 -4.1744 -0.538433 18.0054 0.000302528
42 -4.19871 -0.433769 18.0055 0.000306062
42.05 -4.21778 -0.328563 18.0056 0.000308848
42.1 -4.23157 -0.222946 18.0056 0.000310871
42.15 -4.24007 -0.117051 18.0056 0.000312122
42.2 -4.24328 -0.011009 18.0056 0.000312593
42.25 -4.24117 0.0950466 18.0056 0.000312284
42.3 -4.23377 0.200983 18.0056 0.000311195
42.35 -4.22108 0.306669 18.0056 0.000309331
42.4 -4.2031 0.411971 18.0055 0.000306703
42.45 -4.17988 0.516759 18.0055 0.000303323
42.5 -4.15143 0.6209 18.0054 0.000299208
42.55 -4.11779 0.724265 18.0053 0.000294378
42.6 -4.079 0.826725 18.0052 0.000288859
42.65 -4.03512 0.928151 18.0051 0.000282676
42.7 -3.98619 1.02842 18.005 0.000275862
42.75 -3.93227 1.1274 18.0048 0.000268451
42.8 -3.87345 1.22497 18.0047 0.000260479
42.85 -3.80978 1.32101 18.0045 0.000251986
42.9 -3.74135 1.4154 18.0044 0.000243015
42.95 -3.66824 1.50802 18.0042 0.00023361
43 -3.59054 1.59875 18.004 0.000223819
43.05 -3.50836 1.68749 18.0038 0.000213691
43.1 -3.42179 1.77412 18.0037 0.000203276
43.15 -3.33095 1.85853 18.0035 0.000192625
43.2 -3.23594 1.94061 18.0033 0.000181794
43.25 -3.13689 2.02027 18.0031 0.000170835
43.3 -3.03391 2.09741 18.0029 0.000159803
43.35 -2.92715 2.17192 18.0027 0.000148753
43.4 -2.81672 2.24372 18.0025 0.000137742
43.45 -2.70278 2.31271 18.0023 0.000126823
43.5 -2.58545 2.37882 18.0021 0.000116051
43.55 -2.46489 2.44195 18.0019 0.000105481
43.6 -2.34126 2.50202 18.0017 9.51646e-05
43.65 -2.21469 2.55897 18.0015 8.51538e-05
43.7 -2.08536 2.61272 18.0014 7.54987e-05
43.75 -1.95342 2.66321 18.0012 6.62474e-05
43.8 -1.81904 2.71036 18.001 5.74462e-05
43.85 -1.68238 2.75413 18.0009 4.91391e-05
43.9 -1.54363 2.79446 18.0007 4.13677e-05
43.95 -1.40294 2.83129 18.0006 3.41707e-05
44 -1.2605 2.86458 18.0005 2.75842e-05
44.05 -1.11648 2.89429 18.0004 2.16411e-05
44.1 -0.971067 2.92039 18.0003 1.6371e-05
44.15 -0.824441 2.94283 18.0002 1.18004e-05
44.2 -0.676784 2.9616 18.0001 7.95203e-06
44.25 -0.528282 2.97666 18.0001 4.84516e-06
44.3 -0.379118 2.988 18 2.49533e-06
44.35 -0.229481 2.99561 18 9.14265e-07
44.4 -0.0795574 2.99947 18 1.09885e-07
44.45 0.0704659 2.99959 18 8.62057e-08
44.5 0.220401 2.99595 18 8.43345e-07
44.55 0.370061 2.98857 18 2.37752e-06
44.6 0.519258 2.97745 18.0001 4.68106e-06
44.65 0.667806 2.96261 18.0001 7.74245e-06
44.7 0.81552 2.94407 18.0002 1.15464e-05
44.75 0.962214 2.92185 18.0003 1.60739e-05
44.8 1.1077 2.89598 18.0004 2.13023e-05
44.85 1.25181 2.86648 18.0005 2.72054e-05
44.9 1.39435 2.83341 18.0006 3.37538e-05
44.95 1.53515 2.79679 18.0007 4.09148e-05
45 1.67403 2.75667 18.0009 4.86525e-05
45.05 1.81082 2.71311 18.001 5.69282e-05
45.1 1.94534 2.66616 18.0012 6.57007e-05
45.15 2.07744 2.61588 18.0013 7.4926e-05
45.2 2.20693 2.56232 18.0015 8.4558e-05
45.25 2.33367 2.50556 18.0017 9.45487e-05
45.3 2.45749 2.44567 18.0019 0.000104848
45.35 2.57823 2.38273 18.0021 0.000115404
45.4 2.69576 2.3168 18.0023 0.000126165
45.45 2.80992 2.24798 18.0025 0.000137077
45.5 2.92056 2.17635 18.0027 0.000148084
45.55 3.02755 2.102 18.0029 0.000159133
45.6 3.13076 2.02502 18.0031 0.000170167
45.65 3.23005 1.94551 18.0033 0.000181133
45.7 3.32531 1.86357 18.0035 0.000191974
45.75 3.41641 1.7793 18.0036 0.000202636
45.8 3.50324 1.6928 18.0038 0.000213067
45.85 3.58569 1.60419 18.004 0.000223215
45.9 3.66366 1.51357 18.0042 0.000233028
45.95 3.73705 1.42106 18.0044 0.000242457
46 3.80576 1.32678 18.0045 0.000251456
46.05 3.86972 1.23084 18.0047 0.000259979
46.1 3.92885 1.13335 18.0048 0.000267983
46.15 3.98306 1.03445 18.005 0.00027543
46.2 4.03229 0.934263 18.0051 0.000282281
46.25 4.07649 0.832903 18.0052 0.000288502
46.3 4.11558 0.730502 18.0053 0.000294063
46.35 4.14954 0.627188 18.0054 0.000298935
46.4 4.1783 0.52309 18.0055 0.000303094
46.45 4.20185 0.418338 18.0055 0.000306519
46.5 4.22014 0.313063 18.0056 0.000309194
46.55 4.23315 0.207397 18.0056 0.000311104
46.6 4.24088 0.101472 18.0056 0.00031224
46.65 4.2433 -0.00458031 18.0056 0.000312597
46.7 4.24042 -0.110627 18.0056 0.000312173
46.75 4.23224 -0.216535 18.0056 0.000310969
46.8 4.21876 -0.322172 18.0056 0.000308993
46.85 4.20002 -0.427407 18.0055 0.000306253
46.9 4.17602 -0.532108 18.0054 0.000302763
46.95 4.14681 -0.636143 18.0054 0.000298542
47 4.11241 -0.739383 18.0053 0.00029361
47.05 4.07287 -0.841699 18.0052 0.000287991
47.1 4.02824 -0.942963 18.0051 0.000281714
47.15 3.97857 -1.04305 18.0049 0.00027481
47.2 3.92393 -1.14183 18.0048 0.000267314
47.25 3.86439 -1.23918 18.0047 0.000259262
47.3 3.80002 -1.33499 18.0045 0.000250697
47.35 3.73089 -1.42913 18.0043 0.000241659
47.4 3.6571 -1.52148 18.0042 0.000232195
47.45 3.57874 -1.61192 18.004 0.000222351
47.5 3.49591 -1.70036 18.0038 0.000212177
47.55 3.40871 -1.78666 18.0036 0.000201724
47.6 3.31724 -1.87074 18.0034 0.000191044
47.65 3.22163 -1.95247 18.0032 0.00018019
47.7 3.122 -2.03177 18.003 0.000169216
47.75 3.01846 -2.10853 18.0028 0.000158179
47.8 2.91114 -2.18265 18.0026 0.000147131
47.85 2.80019 -2.25404 18.0025 0.00013613
47.9 2.68574 -2.32261 18.0023 0.000125229
47.95 2.56793 -2.38828 18.0021 0.000114484
48 2.44691 -2.45097 18.0019 0.000103948
48.05 2.32284 -2.51059 18.0017 9.3673e-05
48.1 2.19585 -2.56707 18.0015 8.37113e-05
48.15 2.06613 -2.62035 18.0013 7.41126e-05
48.2 1.93382 -2.67035 18.0012 6.49246e-05
48.25 1.79909 -2.71701 18.001 5.61933e-05
48.3 1.66212 -2.76027 18.0009 4.79624e-05
48.35 1.52307 -2.80009 18.0007 4.02731e-05
48.4 1.38211 -2.8364 18.0006 3.31636e-05
48.45 1.23943 -2.86917 18.0005 2.66697e-05
48.5 1.09519 -2.89836 18.0004 2.08237e-05
48.55 0.94959 -2.92392 18.0003 1.56549e-05
48.6 0.8028 -2.94582 18.0002 1.1189e-05
48.65 0.655008 -2.96404 18.0001 7.44852e-06
48.7 0.506396 -2.97856 18.0001 4.45203e-06
48.75 0.357152 -2.98935 18 2.21454e-06
48.8 0.207461 -2.99641 18 7.4722e-07
48.85 0.0575103 -2.99972 18 5.74207e-08
48.9 -0.0925119 -2.99929 18 1.48584e-07
48.95 -0.242418 -2.9951 18 1.02025e-06
49 -0.392022 -2.98717 18 2.66808e-06
49.05 -0.541135 -2.97551 18.0001 5.08381e-06
49.1 -0.689572 -2.96012 18.0001 8.25538e-06
49.15 -0.837148 -2.94104 18.0002 1.21669e-05
49.2 -0.983676 -2.91828 18.0003 1.67989e-05
49.25 -1.12898 -2.89187 18.0004 2.21282e-05
49.3 -1.27286 -2.86185 18.0005 2.81281e-05
49.35 -1.41516 -2.82825 18.0006 3.47687e-05
49.4 -1.55569 -2.79111 18.0008 4.20167e-05
49.45 -1.69427 -2.75049 18.0009 4.9836e-05
49.5 -1.83074 -2.70642 18.001 5.81874e-05
49.55 -1.96491 -2.65898 18.0012 6.70292e-05
49.6 -2.09663 -2.60821 18.0014 7.63173e-05
49.65 -2.22573 -2.55418 18.0015 8.60051e-05
49.7 -2.35205 -2.49696 18.0017 9.60442e-05
49.75 -2.47543 -2.43661 18.0019 0.000106385
49.8 -2.59571 -2.37322 18.0021 0.000116974
49.85 -2.71275 -2.30687 18.0023 0.000127761
49.9 -2.8264 -2.23763 18.0025 0.00013869
49.95 -2.93651 -2.16559 18.0027 0.000149707
50 -3.04296 -2.09085 18.0029 0.000160757
50.05 -3.1456 -2.01349 18.0031 0.000171785
50.1 -3.24431 -1.93362 18.0033 0.000182735
50.15 -3.33896 -1.85133 18.0035 0.000193553
50.2 -3.42944 -1.76672 18.0037 0.000204185
50.25 -3.51563 -1.67991 18.0039 0.000214578
50.3 -3.59743 -1.59099 18.004 0.000224679
50.35 -3.67473 -1.50009 18.0042 0.000234439
50.4 -3.74744 -1.40732 18.0044 0.000243808
50.45 -3.81546 -1.31278 18.0045 0.000252739
50.5 -3.87872 -1.2166 18.0047 0.000261189
50.55 -3.93712 -1.1189 18.0048 0.000269114
50.6 -3.99061 -1.01981 18.005 0.000276475
50.65 -4.03911 -0.919436 18.0051 0.000283236
50.7 -4.08255 -0.817915 18.0052 0.000289362
50.75 -4.1209 -0.715372 18.0053 0.000294823
50.8 -4.15409 -0.611935 18.0054 0.000299591
50.85 -4.18209 -0.507732 18.0055 0.000303644
50.9 -4.20486 -0.402896 18.0055 0.00030696
50.95 -4.22238 -0.297555 18.0056 0.000309522
51 -4.23462 -0.191842 18.0056 0.000311319
51.05 -4.24156 -0.0858902 18.0056 0.000312341
51.1 -4.24321 0.0201695 18.0056 0.000312584
51.15 -4.23955 0.126204 18.0056 0.000312044
51.2 -4.23059 0.232081 18.0056 0.000310727
51.25 -4.21634 0.337667 18.0056 0.000308637
51.3 -4.19682 0.442832 18.0055 0.000305787
51.35 -4.17206 0.547443 18.0054 0.000302188
51.4 -4.14208 0.651369 18.0054 0.000297861
51.45 -4.10692 0.754482 18.0053 0.000292826
51.5 -4.06663 0.856651 18.0052 0.000287109
51.55 -4.02125 0.95775 18.0051 0.000280738
51.6 -3.97085 1.05765 18.0049 0.000273744
51.65 -3.91549 1.15623 18.0048 0.000266164
51.7 -3.85523 1.25336 18.0046 0.000258035
51.75 -3.79015 1.34893 18.0045 0.000249397
51.8 -3.72034 1.44281 18.0043 0.000240294
51.85 -3.64587 1.53489 18.0042 0.00023077
51.9 -3.56685 1.62505 18.004 0.000220875
51.95 -3.48337 1.71318 18.0038 0.000210657
52 -3.39553 1.79916 18.0036 0.000200167
52.05 -3.30345 1.8829 18.0034 0.000189458
52.1 -3.20724 1.96428 18.0032 0.000178583
52.15 -3.10702 2.04321 18.003 0.000167597
52.2 -3.00292 2.11959 18.0028 0.000156554
52.25 -2.89506 2.19331 18.0026 0.00014551
52.3 -2.78359 2.26429 18.0024 0.00013452
52.35 -2.66863 2.33245 18.0022 0.000123639
52.4 -2.55034 2.39768 18.002 0.000112921
52.45 -2.42887 2.45992 18.0018 0.00010242
52.5 -2.30435 2.51909 18.0017 9.21881e-05
52.55 -2.17696 2.57511 18.0015 8.22767e-05
52.6 -2.04684 2.6279 18.0013 7.27353e-05
52.65 -1.91417 2.67742 18.0011 6.36116e-05
52.7 -1.7791 2.72358 18.001 5.49513e-05
52.75 -1.64181 2.76634 18.0008 4.67974e-05
52.8 -1.50246 2.80565 18.0007 3.9191e-05
52.85 -1.36124 2.84144 18.0006 3.21698e-05
52.9 -1.21832 2.87369 18.0005 2.57692e-05
52.95 -1.07387 2.90234 18.0004 2.00209e-05
53 -0.928086 2.92736 18.0003 1.49539e-05
53.05 -0.781138 2.94873 18.0002 1.05933e-05
53.1 -0.633213 2.96641 18.0001 6.96109e-06
53.15 -0.484497 2.98038 18.0001 4.0753e-06
53.2 -0.335175 2.99063 18 1.95039e-06
53.25 -0.185434 2.99713 18 5.96976e-07
53.3 -0.0354616 2.9999 18 2.1832e-08
53.35 0.114555 2.99891 18 2.27828e-07
53.4 0.264429 2.99417 18 1.21394e-06
53.45 0.413972 2.98569 18.0001 2.97523e-06
53.5 0.562998 2.97348 18.0001 5.50289e-06
53.55 0.71132 2.95755 18.0002 8.78431e-06
53.6 0.858753 2.93792 18.0002 1.28031e-05
53.65 1.00511 2.91462 18.0003 1.75391e-05
53.7 1.15022 2.88768 18.0004 2.29687e-05
53.75 1.29388 2.85713 18.0005 2.90647e-05
53.8 1.43593 2.82301 18.0006 3.57967e-05
53.85 1.57618 2.78536 18.0008 4.3131e-05
53.9 1.71446 2.74422 18.0009 5.1031e-05
53.95 1.8506 2.69966 18.0011 5.94572e-05
54 1.98443 2.65172 18.0012 6.83674e-05
54.05 2.11578 2.60047 18.0014 7.77172e-05
54.1 2.24448 2.54597 18.0016 8.74597e-05
54.15 2.37037 2.48828 18.0018 9.75463e-05
54.2 2.49331 2.42749 18.0019 0.000107927
54.25 2.61312 2.36366 18.0021 0.000118549
54.3 2.72967 2.29687 18.0023 0.000129359
54.35 2.84281 2.22721 18.0025 0.000140305
54.4 2.95239 2.15477 18.0027 0.00015133
54.45 3.05829 2.07964 18.0029 0.00016238
54.5 3.16036 2.00191 18.0031 0.0001734
54.55 3.25848 1.92167 18.0033 0.000184335
54.6 3.35252 1.83903 18.0035 0.000195129
54.65 3.44238 1.7541 18.0037 0.000205729
54.7 3.52793 1.66697 18.0039 0.000216082
54.75 3.60908 1.57776 18.0041 0.000226136
54.8 3.68571 1.48657 18.0042 0.000235841
54.85 3.75773 1.39353 18.0044 0.000245149
54.9 3.82506 1.29874 18.0046 0.000254012
54.95 3.88761 1.20234 18.0047 0.000262387
55 3.9453 1.10442 18.0049 0.000270232
55.05 3.99805 1.00513 18.005 0.000277507
55.1 4.04581 0.904584 18.0051 0.000284177
55.15 4.08851 0.802905 18.0052 0.000290207
55.2 4.1261 0.700223 18.0053 0.000295568
55.25 4.15853 0.596665 18.0054 0.000300232
55.3 4.18577 0.492361 18.0055 0.000304178
55.35 4.20777 0.387442 18.0055 0.000307384
55.4 4.22451 0.282039 18.0056 0.000309835
55.45 4.23597 0.176283 18.0056 0.000311518
55.5 4.24214 0.0703062 18.0056 0.000312426
55.55 4.243 -0.0357581 18.0056 0.000312553
55.6 4.23856 -0.141778 18.0056 0.0003119
55.65 4.22882 -0.24762 18.0056 0.000310468
55.7 4.2138 -0.353153 18.0055 0.000308266
55.75 4.19351 -0.458244 18.0055 0.000305304
55.8 4.16798 -0.562763 18.0054 0.000301598
55.85 4.13723 -0.666578 18.0053 0.000297165
55.9 4.10132 -0.76956 18.0053 0.000292028
55.95 4.06028 -0.87158 18.0052 0.000286213
56 4.01416 -0.97251 18.005 0.000279748
56.05 3.96303 -1.07222 18.0049 0.000272666
56.1 3.90694 -1.1706 18.0048 0.000265003
56.15 3.84597 -1.26751 18.0046 0.000256796
56.2 3.78019 -1.36284 18.0045 0.000248087
56.25 3.70968 -1.45646 18.0043 0.000238919
56.3 3.63454 -1.54826 18.0041 0.000229338
56.35 3.55486 -1.63813 18.0039 0.000219392
56.4 3.47073 -1.72595 18.0038 0.000209131
56.45 3.38226 -1.81161 18.0036 0.000198606
56.5 3.28957 -1.89501 18.0034 0.000187869
56.55 3.19276 -1.97604 18.0032 0.000176974
56.6 3.09196 -2.0546 18.003 0.000165976
56.65 2.9873 -2.13059 18.0028 0.00015493
56.7 2.8789 -2.20392 18.0026 0.00014389
56.75 2.76691 -2.27449 18.0024 0.000132913
56.8 2.65145 -2.34222 18.0022 0.000122052
56.85 2.53269 -2.40702 18.002 0.000111363
56.9 2.41075 -2.46881 18.0018 0.000100898
56.95 2.2858 -2.52752 18.0016 9.07101e-05
57 2.158 -2.58307 18.0015 8.08501e-05
57.05 2.0275 -2.63539 18.0013 7.13671e-05
57.1 1.89446 -2.68441 18.0011 6.23087e-05
57.15 1.75906 -2.73008 18.001 5.37201e-05
57.2 1.62145 -2.77234 18.0008 4.56443e-05
57.25 1.48182 -2.81113 18.0007 3.81215e-05
57.3 1.34034 -2.84641 18.0006 3.11894e-05
57.35 1.19718 -2.87812 18.0004 2.48827e-05
57.4 1.05253 -2.90625 18.0003 1.92329e-05
57.45 0.906557 -2.93073 18.0003 1.42682e-05
57.5 0.759454 -2.95156 18.0002 1.00134e-05
57.55 0.611401 -2.9687 18.0001 6.48979e-06
57.6 0.462585 -2.98212 18.0001 3.71501e-06
57.65 0.313189 -2.99182 18 1.70291e-06
57.7 0.163403 -2.99777 18 4.6355e-07
57.75 0.013412 -2.99999 18 3.12293e-09
57.8 -0.136596 -2.99845 18 3.2393e-07
57.85 -0.286433 -2.99316 18 1.42437e-06
57.9 -0.435911 -2.98413 18.0001 3.29894e-06
57.95 -0.584845 -2.97137 18.0001 5.93827e-06
58 -0.733048 -2.95489 18.0002 9.32916e-06
58.05 -0.880335 -2.93473 18.0002 1.34547e-05
58.1 -1.02652 -2.91089 18.0003 1.82942e-05
58.15 -1.17142 -2.88342 18.0004 2.38235e-05
58.2 -1.31486 -2.85234 18.0005 3.0015e-05
58.25 -1.45666 -2.8177 18.0007 3.68377e-05
58.3 -1.59663 -2.77953 18.0008 4.42575e-05
58.35 -1.73461 -2.73789 18.0009 5.22374e-05
58.4 -1.87042 -2.69283 18.0011 6.07374e-05
58.45 -2.00389 -2.6444 18.0013 6.97151e-05
58.5 -2.13486 -2.59266 18.0014 7.91255e-05
58.55 -2.26316 -2.53769 18.0016 8.89217e-05
58.6 -2.38863 -2.47954 18.0018 9.90547e-05
58.65 -2.51111 -2.41829 18.002 0.000109474
58.7 -2.63046 -2.35402 18.0022 0.000120127
58.75 -2.74652 -2.28681 18.0024 0.000130961
58.8 -2.85914 -2.21674 18.0026 0.000141922
58.85 -2.96819 -2.1439 18.0028 0.000152954
58.9 -3.07353 -2.06838 18.003 0.000164003
58.95 -3.17503 -1.99027 18.0032 0.000175014
59 -3.27256 -1.90968 18.0033 0.000185931
59.05 -3.366 -1.82669 18.0035 0.0001967
59.1 -3.45523 -1.74143 18.0037 0.000207267
59.15 -3.54014 -1.65399 18.0039 0.000217579
59.2 -3.62062 -1.56448 18.0041 0.000227585
59.25 -3.69659 -1.47301 18.0043 0.000237235
59.3 -3.76793 -1.37971 18.0044 0.00024648
59.35 -3.83456 -1.28467 18.0046 0.000255275
59.4 -3.89639 -1.18804 18.0047 0.000263574
59.45 -3.95336 -1.08992 18.0049 0.000271338
59.5 -4.00538 -0.990431 18.005 0.000278526
59.55 -4.0524 -0.889709 18.0051 0.000285104
59.6 -4.09436 -0.787874 18.0052 0.000291037
59.65 -4.13119 -0.685055 18.0053 0.000296297
59.7 -4.16286 -0.581379 18.0054 0.000300858
59.75 -4.18933 -0.476977 18.0055 0.000304696
59.8 -4.21056 -0.371978 18.0055 0.000307792
59.85 -4.22653 -0.266515 18.0056 0.000310131
59.9 -4.23721 -0.160718 18.0056 0.000311701
59.95 -4.2426 -0.0547203 18.0056 0.000312494
60 -4.24268 0.0513457 18.0056 0.000312506
60.05 -4.23746 0.157348 18.0056 0.000311738
60.1 -4.22695 0.263153 18.0056 0.000310192
60.15 -4.21115 0.368629 18.0055 0.000307878
60.2 -4.19008 0.473644 18.0055 0.000304806
60.25 -4.16378 0.578068 18.0054 0.000300991
60.3 -4.13228 0.681768 18.0053 0.000296453
60.35 -4.09561 0.784617 18.0052 0.000291215
60.4 -4.05382 0.886485 18.0051 0.000285303
60.45 -4.00696 0.987244 18.005 0.000278745
60.5 -3.95509 1.08677 18.0049 0.000271576
60.55 -3.89828 1.18494 18.0047 0.00026383
60.6 -3.8366 1.28162 18.0046 0.000255547
60.65 -3.77012 1.37671 18.0044 0.000246767
60.7 -3.69893 1.47007 18.0043 0.000237536
60.75 -3.62311 1.5616 18.0041 0.000227898
60.8 -3.54277 1.65117 18.0039 0.000217903
60.85 -3.45799 1.73868 18.0037 0.000207599
60.9 -3.3689 1.82401 18.0035 0.00019704
60.95 -3.27559 1.90707 18.0034 0.000186276
61 -3.17819 1.98774 18.0032 0.000175363
61.05 -3.07682 2.06593 18.003 0.000164354
61.1 -2.9716 2.14154 18.0028 0.000153306
61.15 -2.86267 2.21446 18.0026 0.000142272
61.2 -2.75015 2.28462 18.0024 0.000131308
61.25 -2.6342 2.35193 18.0022 0.000120469
61.3 -2.51496 2.41629 18.002 0.000109809
61.35 -2.39257 2.47764 18.0018 9.93821e-05
61.4 -2.2672 2.53589 18.0016 8.92392e-05
61.45 -2.13899 2.59096 18.0014 7.94316e-05
61.5 -2.0081 2.6428 18.0013 7.00081e-05
61.55 -1.87471 2.69134 18.0011 6.1016e-05
61.6 -1.73897 2.73651 18.0009 5.25001e-05
61.65 -1.60105 2.77826 18.0008 4.4503e-05
61.7 -1.46114 2.81653 18.0007 3.70648e-05
61.75 -1.3194 2.85129 18.0005 3.02225e-05
61.8 -1.17601 2.88248 18.0004 2.40105e-05
61.85 -1.03115 2.91007 18.0003 1.84596e-05
61.9 -0.885004 2.93403 18.0002 1.35978e-05
61.95 -0.73775 2.95431 18.0002 9.44922e-06
62 -0.589573 2.9709 18.0001 6.03467e-06
62.05 -0.44066 2.98378 18.0001 3.3712e-06
62.1 -0.291195 2.99293 18 1.47213e-06
62.15 -0.141367 2.99833 18 3.46956e-07
62.2 0.00863806 2.99999 18 1.29542e-09
62.25 0.158632 2.9979 18 4.36879e-07
62.3 0.308428 2.99206 18 1.65153e-06
62.35 0.457839 2.98249 18.0001 3.63917e-06
62.4 0.606677 2.96918 18.0001 6.38988e-06
62.45 0.754757 2.95216 18.0002 9.88989e-06
62.5 0.901893 2.93145 18.0003 1.41217e-05
62.55 1.0479 2.90708 18.0003 1.90642e-05
62.6 1.1926 2.87908 18.0004 2.46927e-05
62.65 1.33581 2.84747 18.0006 3.0979e-05
62.7 1.47735 2.81231 18.0007 3.78916e-05
62.75 1.61704 2.77363 18.0008 4.53962e-05
62.8 1.75471 2.73148 18.001 5.3455e-05
62.85 1.89019 2.68592 18.0011 6.2028e-05
62.9 2.0233 2.637 18.0013 7.10721e-05
62.95 2.15389 2.58478 18.0014 8.05422e-05
63 2.28178 2.52934 18.0016 9.03911e-05
63.05 2.40682 2.47073 18.0018 0.000100569
63.1 2.52885 2.40903 18.002 0.000111026
63.15 2.64773 2.34433 18.0022 0.000121709
63.2 2.76329 2.27669 18.0024 0.000132565
63.25 2.87539 2.20621 18.0026 0.00014354
63.3 2.98391 2.13296 18.0028 0.000154578
63.35 3.08869 2.05706 18.003 0.000165625
63.4 3.18961 1.97858 18.0032 0.000176626
63.45 3.28655 1.89763 18.0034 0.000187524
63.5 3.37938 1.8143 18.0036 0.000198267
63.55 3.46798 1.72871 18.0038 0.0002088
63.6 3.55225 1.64096 18.0039 0.00021907
63.65 3.63207 1.55115 18.0041 0.000229027
63.7 3.70736 1.45941 18.0043 0.00023862
63.75 3.77802 1.36584 18.0045 0.000247802
63.8 3.84395 1.27057 18.0046 0.000256526
63.85 3.90507 1.17371 18.0048 0.00026475
63.9 3.96132 1.07538 18.0049 0.000272431
63.95 4.01261 0.975702 18.005 0.000279532
64 4.05889 0.874809 18.0051 0.000286017
64.05 4.10009 0.772821 18.0053 0.000291853
64.1 4.13617 0.669868 18.0053 0.000297012
64.15 4.16708 0.566078 18.0054 0.000301468
64.2 4.19278 0.461579 18.0055 0.000305198
64.25 4.21324 0.356504 18.0055 0.000308183
64.3 4.22843 0.250983 18.0056 0.00031041
64.35 4.23833 0.145149 18.0056 0.000311866
64.4 4.24294 0.0391329 18.0056 0.000312544
64.45 4.24225 -0.0669319 18.0056 0.000312442
64.5 4.23625 -0.172913 18.0056 0.000311559
64.55 4.22496 -0.278678 18.0056 0.0003099
64.6 4.20838 -0.384095 18.0055 0.000307474
64.65 4.18655 -0.489032 18.0055 0.000304291
64.7 4.15948 -0.593357 18.0054 0.000300369
64.75 4.12721 -0.69694 18.0053 0.000295727
64.8 4.08978 -0.799653 18.0052 0.000290388
64.85 4.04725 -0.901366 18.0051 0.000284378
64.9 3.99965 -1.00195 18.005 0.000277729
64.95 3.94705 -1.10129 18.0049 0.000270472
65 3.88952 -1.19924 18.0047 0.000262645
65.05 3.82713 -1.2957 18.0046 0.000254286
65.1 3.75995 -1.39054 18.0044 0.000245438
65.15 3.68807 -1.48364 18.0043 0.000236144
65.2 3.61159 -1.57489 18.0041 0.00022645
65.25 3.53058 -1.66416 18.0039 0.000216407
65.3 3.44517 -1.75136 18.0037 0.000206062
65.35 3.35545 -1.83637 18.0035 0.000195469
65.4 3.26153 -1.91908 18.0033 0.00018468
65.45 3.16354 -1.99939 18.0031 0.00017375
65.5 3.06159 -2.07721 18.0029 0.000162732
65.55 2.95582 -2.15242 18.0027 0.000151682
65.6 2.84635 -2.22495 18.0025 0.000140655
65.65 2.73332 -2.2947 18.0023 0.000129706
65.7 2.61688 -2.36158 18.0021 0.00011889
65.75 2.49717 -2.4255 18.0019 0.000108261
65.8 2.37433 -2.48639 18.0018 9.78723e-05
65.85 2.24853 -2.54418 18.0016 8.77756e-05
65.9 2.11991 -2.59879 18.0014 7.80214e-05
65.95 1.98865 -2.65014 18.0012 6.86584e-05
66 1.8549 -2.69819 18.0011 5.97335e-05
66.05 1.71883 -2.74286 18.0009 5.12912e-05
66.1 1.58061 -2.7841 18.0008 4.33739e-05
66.15 1.44042 -2.82186 18.0006 3.6021e-05
66.2 1.29843 -2.8561 18.0005 2.92693e-05
66.25 1.15481 -2.88677 18.0004 2.31525e-05
66.3 1.00975 -2.91382 18.0003 1.77013e-05
66.35 0.863427 -2.93724 18.0002 1.29428e-05
66.4 0.716026 -2.95698 18.0002 8.90092e-06
66.45 0.567729 -2.97303 18.0001 5.59577e-06
66.5 0.418723 -2.98536 18.0001 3.04391e-06
66.55 0.269194 -2.99396 18 1.25808e-06
66.6 0.119327 -2.99881 18 2.47205e-07
66.65 -0.0306878 -2.99992 18 1.63497e-08
66.7 -0.180665 -2.99728 18 5.66662e-07
66.75 -0.330416 -2.99089 18 1.89539e-06
66.8 -0.479754 -2.98076 18.0001 3.9959e-06
66.85 -0.628492 -2.96691 18.0001 6.85768e-06
66.9 -0.776445 -2.94935 18.0002 1.04664e-05
66.95 -0.923427 -2.9281 18.0003 1.48041e-05
67 -1.06926 -2.90319 18.0004 1.98491e-05
67.05 -1.21375 -2.87465 18.0005 2.5576e-05
67.1 -1.35672 -2.84252 18.0006 3.19564e-05
67.15 -1.498 -2.80684 18.0007 3.89583e-05
67.2 -1.6374 -2.76765 18.0008 4.65468e-05
67.25 -1.77476 -2.725 18.001 5.46838e-05
67.3 -1.9099 -2.67894 18.0011 6.33287e-05
67.35 -2.04266 -2.62953 18.0013 7.24383e-05
67.4 -2.17286 -2.57684 18.0015 8.19671e-05
67.45 -2.30034 -2.52092 18.0017 9.18675e-05
67.5 -2.42495 -2.46185 18.0018 0.00010209
67.55 -2.54653 -2.39971 18.002 0.000112583
67.6 -2.66492 -2.33457 18.0022 0.000123295
67.65 -2.77998 -2.26651 18.0024 0.000134172
67.7 -2.89157 -2.19561 18.0026 0.000145159
67.75 -2.99954 -2.12197 18.0028 0.000156203
67.8 -3.10377 -2.04568 18.003 0.000167246
67.85 -3.20411 -1.96683 18.0032 0.000178235
67.9 -3.30045 -1.88553 18.0034 0.000189114
67.95 -3.39267 -1.80186 18.0036 0.000199829
68 -3.48064 -1.71595 18.0038 0.000210327
68.05 -3.56426 -1.62789 18.004 0.000220555
68.1 -3.64343 -1.53779 18.0041 0.000230461
68.15 -3.71804 -1.44577 18.0043 0.000239997
68.2 -3.788 -1.35195 18.0045 0.000249114
68.25 -3.85323 -1.25643 18.0046 0.000257767
68.3 -3.91365 -1.15934 18.0048 0.000265914
68.35 -3.96917 -1.06081 18.0049 0.000273512
68.4 -4.01973 -0.960948 18.005 0.000280524
68.45 -4.06526 -0.859885 18.0052 0.000286916
68.5 -4.10572 -0.757748 18.0053 0.000292655
68.55 -4.14104 -0.654663 18.0054 0.000297712
68.6 -4.17118 -0.550761 18.0054 0.000302062
68.65 -4.19611 -0.44617 18.0055 0.000305683
68.7 -4.2158 -0.341021 18.0056 0.000308558
68.75 -4.23022 -0.235445 18.0056 0.000310672
68.8 -4.23934 -0.129576 18.0056 0.000312015
68.85 -4.24317 -0.0235445 18.0056 0.000312578
68.9 -4.2417 0.0825164 18.0056 0.000312361
68.95 -4.23492 0.188474 18.0056 0.000311364
69 -4.22285 0.294196 18.0056 0.000309591
69.05 -4.2055 0.399551 18.0055 0.000307053
69.1 -4.1829 0.504406 18.0055 0.000303761
69.15 -4.15506 0.60863 18.0054 0.000299731
69.2 -4.12203 0.712094 18.0053 0.000294985
69.25 -4.08385 0.814667 18.0052 0.000289546
69.3 -4.04057 0.916223 18.0051 0.000283441
69.35 -3.99223 1.01663 18.005 0.0002767
69.4 -3.9389 1.11577 18.0048 0.000269357
69.45 -3.88065 1.21352 18.0047 0.000261449
69.5 -3.81755 1.30974 18.0046 0.000253016
69.55 -3.74968 1.40433 18.0044 0.000244099
69.6 -3.67712 1.49717 18.0042 0.000234743
69.65 -3.59996 1.58813 18.004 0.000224995
69.7 -3.5183 1.67711 18.0039 0.000214904
69.75 -3.43225 1.76399 18.0037 0.00020452
69.8 -3.34191 1.84867 18.0035 0.000193895
69.85 -3.24738 1.93104 18.0033 0.000183082
69.9 -3.1488 2.01099 18.0031 0.000172135
69.95 -3.04628 2.08843 18.0029 0.000161108
70 -2.93996 2.16325 18.0027 0.000150058
70.05 -2.82996 2.23538 18.0025 0.000139039
70.1 -2.71642 2.30471 18.0023 0.000128107
70.15 -2.59949 2.37116 18.0021 0.000117315
70.2 -2.47931 2.43464 18.0019 0.000106718
70.25 -2.35602 2.49508 18.0017 9.63689e-05
70.3 -2.2298 2.55241 18.0016 8.63194e-05
70.35 -2.10078 2.60654 18.0014 7.66196e-05
70.4 -1.96914 2.65741 18.0012 6.73181e-05
70.45 -1.83504 2.70497 18.0011 5.84614e-05
70.5 -1.69865 2.74914 18.0009 5.00938e-05
70.55 -1.56013 2.78987 18.0008 4.22569e-05
70.6 -1.41966 2.82712 18.0006 3.49902e-05
70.65 -1.27742 2.86083 18.0005 2.83297e-05
70.7 -1.13358 2.89097 18.0004 2.23089e-05
70.75 -0.988319 2.91749 18.0003 1.69579e-05
70.8 -0.841827 2.94037 18.0002 1.23033e-05
70.85 -0.694282 2.95957 18.0002 8.36854e-06
70.9 -0.54587 2.97507 18.0001 5.17316e-06
70.95 -0.396775 2.98686 18 2.73317e-06
71 -0.247184 2.99491 18 1.06077e-06
71.05 -0.0972846 2.99921 18 1.64311e-07
71.1 0.0527368 2.99977 18 4.82842e-08
71.15 0.202692 2.99658 18 7.13266e-07
71.2 0.352394 2.98964 18 2.15593e-06
71.25 0.501656 2.97896 18.0001 4.36907e-06
71.3 0.65029 2.96456 18.0001 7.34163e-06
71.35 0.798112 2.94646 18.0002 1.10587e-05
71.4 0.944936 2.92467 18.0003 1.55018e-05
71.45 1.09058 2.89922 18.0004 2.06487e-05
71.5 1.23486 2.87016 18.0005 2.64735e-05
71.55 1.37759 2.8375 18.0006 3.29473e-05
71.6 1.51861 2.8013 18.0007 4.00377e-05
71.65 1.65772 2.76159 18.0009 4.77092e-05
71.7 1.79477 2.71844 18.001 5.59235e-05
71.75 1.92957 2.67188 18.0012 6.46395e-05
71.8 2.06196 2.62199 18.0013 7.38136e-05
71.85 2.19177 2.56882 18.0015 8.34001e-05
71.9 2.31884 2.51244 18.0017 9.33509e-05
71.95 2.44301 2.45291 18.0019 0.000103616
72 2.56413 2.39032 18.0021 0.000114145
72.05 2.68204 2.32475 18.0022 0.000124885
72.1 2.7966 2.25626 18.0024 0.000135781
72.15 2.90767 2.18496 18.0026 0.00014678
72.2 3.0151 2.11093 18.0028 0.000157827
72.25 3.11876 2.03425 18.003 0.000168866
72.3 3.21853 1.95504 18.0032 0.000179842
72.35 3.31427 1.87338 18.0034 0.000190701
72.4 3.40586 1.78937 18.0036 0.000201387
72.45 3.4932 1.70314 18.0038 0.000211848
72.5 3.57618 1.61477 18.004 0.000222032
72.55 3.65468 1.52438 18.0042 0.000231887
72.6 3.72862 1.43209 18.0043 0.000241364
72.65 3.79789 1.33801 18.0045 0.000250416
72.7 3.86242 1.24226 18.0047 0.000258998
72.75 3.92211 1.14495 18.0048 0.000267066
72.8 3.97691 1.04621 18.0049 0.00027458
72.85 4.02674 0.946167 18.0051 0.000281504
72.9 4.07153 0.844938 18.0052 0.000287801
72.95 4.11123 0.742654 18.0053 0.000293441
73 4.14579 0.639441 18.0054 0.000298396
73.05 4.17517 0.535429 18.0054 0.00030264
73.1 4.19934 0.430748 18.0055 0.000306153
73.15 4.21825 0.325528 18.0056 0.000308917
73.2 4.23189 0.219901 18.0056 0.000310918
73.25 4.24024 0.114 18.0056 0.000312146
73.3 4.24329 0.00795544 18.0056 0.000312595
73.35 4.24103 -0.0980986 18.0056 0.000312263
73.4 4.23348 -0.20403 18.0056 0.000311152
73.45 4.22063 -0.309706 18.0056 0.000309266
73.5 4.20251 -0.414996 18.0055 0.000306616
73.55 4.17913 -0.519766 18.0055 0.000303214
73.6 4.15053 -0.623887 18.0054 0.000299078
73.65 4.11674 -0.727228 18.0053 0.000294229
73.7 4.07781 -0.82966 18.0052 0.00028869
73.75 4.03378 -0.931055 18.0051 0.000282489
73.8 3.9847 -1.03129 18.005 0.000275657
73.85 3.93065 -1.13023 18.0048 0.000268229
73.9 3.87168 -1.22776 18.0047 0.000260242
73.95 3.80787 -1.32375 18.0045 0.000251734
74 3.73931 -1.41809 18.0044 0.00024275
74.05 3.66606 -1.51066 18.0042 0.000233334
74.1 3.58824 -1.60134 18.004 0.000223532
74.15 3.50593 -1.69001 18.0038 0.000213395
74.2 3.41924 -1.77658 18.0037 0.000202972
74.25 3.32827 -1.86092 18.0035 0.000192316
74.3 3.23315 -1.94294 18.0033 0.00018148
74.35 3.13398 -2.02253 18.0031 0.000170518
74.4 3.03089 -2.09959 18.0029 0.000159485
74.45 2.92402 -2.17403 18.0027 0.000148436
74.5 2.81349 -2.24575 18.0025 0.000137426
74.55 2.69944 -2.31466 18.0023 0.00012651
74.6 2.58202 -2.38068 18.0021 0.000115744
74.65 2.46138 -2.44372 18.0019 0.00010518
74.7 2.33765 -2.50371 18.0017 9.48719e-05
74.75 2.21101 -2.56056 18.0015 8.48707e-05
74.8 2.0816 -2.61422 18.0014 7.52265e-05
74.85 1.94958 -2.66461 18.0012 6.59875e-05
74.9 1.81514 -2.71167 18.001 5.72e-05
74.95 1.67842 -2.75534 18.0009 4.89077e-05
75 1.5396 -2.79557 18.0007 4.11523e-05
75.05 1.39886 -2.8323 18.0006 3.39724e-05
75.1 1.25637 -2.86549 18.0005 2.7404e-05
75.15 1.11231 -2.89509 18.0004 2.14798e-05
75.2 0.966863 -2.92108 18.0003 1.62296e-05
75.25 0.820204 -2.94342 18.0002 1.16794e-05
75.3 0.67252 -2.96208 18.0001 7.85214e-06
75.35 0.523996 -2.97704 18.0001 4.76687e-06
75.4 0.374816 -2.98827 18 2.43902e-06
75.45 0.225169 -2.99577 18 8.80223e-07
75.5 0.0752391 -2.99953 18 9.828e-08
75.55 -0.0747843 -2.99953 18 9.70954e-08
75.6 -0.224714 -2.99579 18 8.76675e-07
75.65 -0.374363 -2.9883 18 2.43312e-06
75.7 -0.523544 -2.97708 18.0001 4.75866e-06
75.75 -0.672071 -2.96213 18.0001 7.84166e-06
75.8 -0.819758 -2.94348 18.0002 1.16667e-05
75.85 -0.96642 -2.92116 18.0003 1.62147e-05
75.9 -1.11187 -2.89518 18.0004 2.14629e-05
75.95 -1.25594 -2.86558 18.0005 2.73851e-05
76 -1.39843 -2.8324 18.0006 3.39516e-05
76.05 -1.53918 -2.79568 18.0007 4.11297e-05
76.1 -1.678 -2.75547 18.0009 4.88834e-05
76.15 -1.81472 -2.71181 18.001 5.7174e-05
76.2 -1.94918 -2.66476 18.0012 6.59602e-05
76.25 -2.0812 -2.61438 18.0014 7.51978e-05
76.3 -2.21062 -2.56073 18.0015 8.48409e-05
76.35 -2.33727 -2.50388 18.0017 9.48411e-05
76.4 -2.46101 -2.4439 18.0019 0.000105149
76.45 -2.58166 -2.38087 18.0021 0.000115712
76.5 -2.69909 -2.31486 18.0023 0.000126478
76.55 -2.81315 -2.24596 18.0025 0.000137393
76.6 -2.92369 -2.17425 18.0027 0.000148402
76.65 -3.03057 -2.09982 18.0029 0.000159451
76.7 -3.13367 -2.02277 18.0031 0.000170484
76.75 -3.23285 -1.94319 18.0033 0.000181447
76.8 -3.32799 -1.86117 18.0035 0.000192283
76.85 -3.41897 -1.77684 18.0037 0.00020294
76.9 -3.50567 -1.69028 18.0038 0.000213364
76.95 -3.588 -1.60161 18.004 0.000223502
77 -3.66583 -1.51094 18.0042 0.000233305
77.05 -3.73909 -1.41837 18.0044 0.000242722
77.1 -3.80767 -1.32404 18.0045 0.000251708
77.15 -3.87149 -1.22805 18.0047 0.000260216
77.2 -3.93048 -1.13053 18.0048 0.000268206
77.25 -3.98455 -1.03159 18.005 0.000275636
77.3 -4.03364 -0.93136 18.0051 0.000282469
77.35 -4.07768 -0.829969 18.0052 0.000288672
77.4 -4.11663 -0.72754 18.0053 0.000294213
77.45 -4.15044 -0.624202 18.0054 0.000299065
77.5 -4.17905 -0.520083 18.0055 0.000303203
77.55 -4.20245 -0.415314 18.0055 0.000306607
77.6 -4.22058 -0.310026 18.0056 0.000309259
77.65 -4.23345 -0.204351 18.0056 0.000311147
77.7 -4.24102 -0.09842 18.0056 0.000312261
77.75 -4.24329 0.00763384 18.0056 0.000312596
77.8 -4.24026 0.113678 18.0056 0.000312149
77.85 -4.23192 0.21958 18.0056 0.000310923
77.9 -4.2183 0.325208 18.0056 0.000308924
77.95 -4.1994 0.430429 18.0055 0.000306163
78 -4.17526 0.535113 18.0054 0.000302652
78.05 -4.14589 0.639127 18.0054 0.00029841
78.1 -4.11134 0.742342 18.0053 0.000293457
78.15 -4.07166 0.84463 18.0052 0.000287819
78.2 -4.02688 0.945862 18.0051 0.000281524
78.25 -3.97707 1.04591 18.0049 0.000274602
78.3 -3.92229 1.14465 18.0048 0.000267089
78.35 -3.8626 1.24196 18.0047 0.000259023
78.4 -3.79809 1.33772 18.0045 0.000250443
78.45 -3.72883 1.43181 18.0043 0.000241392
78.5 -3.65491 1.52411 18.0042 0.000231916
78.55 -3.57642 1.6145 18.004 0.000222062
78.6 -3.49346 1.70287 18.0038 0.00021188
78.65 -3.40613 1.78912 18.0036 0.000201419
78.7 -3.31455 1.87312 18.0034 0.000190733
78.75 -3.21882 1.95479 18.0032 0.000179875
78.8 -3.11907 2.03402 18.003 0.000168899
78.85 -3.01542 2.1107 18.0028 0.00015786
78.9 -2.908 2.18474 18.0026 0.000146814
78.95 -2.79695 2.25605 18.0024 0.000135814
79 -2.6824 2.32454 18.0022 0.000124917
79.05 -2.56449 2.39013 18.0021 0.000114177
79.1 -2.44338 2.45273 18.0019 0.000103648
79.15 -2.31922 2.51226 18.0017 9.33816e-05
79.2 -2.19216 2.56865 18.0015 8.34297e-05
79.25 -2.06235 2.62183 18.0013 7.38421e-05
79.3 -1.92997 2.67174 18.0012 6.46666e-05
79.35 -1.79518 2.7183 18.001 5.59492e-05
79.4 -1.65814 2.76147 18.0009 4.77333e-05
79.45 -1.51903 2.80118 18.0007 4.00601e-05
79.5 -1.37802 2.8374 18.0006 3.29679e-05
79.55 -1.23529 2.87006 18.0005 2.64922e-05
79.6 -1.09102 2.89914 18.0004 2.06653e-05
79.65 -0.94538 2.9246 18.0003 1.55164e-05
79.7 -0.798559 2.9464 18.0002 1.10711e-05
79.75 -0.65074 2.96451 18.0001 7.35178e-06
79.8 -0.502108 2.97892 18.0001 4.37695e-06
79.85 -0.352848 2.98961 18 2.16148e-06
79.9 -0.203147 2.99656 18 7.16468e-07
79.95 -0.0531916 2.99976 18 4.91207e-08
80 0.0968298 2.99922 18 1.62778e-07
80.05 0.24673 2.99492 18 1.05687e-06
80.1 0.396322 2.98689 18 2.72693e-06
80.15 0.545419 2.97511 18.0001 5.16461e-06
80.2 0.693834 2.95962 18.0002 8.35773e-06
80.25 0.841381 2.94043 18.0002 1.22903e-05
80.3 0.987877 2.91757 18.0003 1.69427e-05
80.35 1.13314 2.89106 18.0004 2.22917e-05
80.4 1.27698 2.86093 18.0005 2.83105e-05
80.45 1.41923 2.82723 18.0006 3.4969e-05
80.5 1.55971 2.78999 18.0008 4.2234e-05
80.55 1.69823 2.74927 18.0009 5.00692e-05
80.6 1.83463 2.7051 18.0011 5.84353e-05
80.65 1.96874 2.65756 18.0012 6.72906e-05
80.7 2.10039 2.6067 18.0014 7.65908e-05
80.75 2.22941 2.55258 18.0016 8.62894e-05
80.8 2.35565 2.49526 18.0017 9.63379e-05
80.85 2.47894 2.43483 18.0019 0.000106686
80.9 2.59913 2.37135 18.0021 0.000117282
80.95 2.71607 2.30491 18.0023 0.000128074
81 2.82962 2.23559 18.0025 0.000139006
81.05 2.93963 2.16348 18.0027 0.000150025
81.1 3.04597 2.08866 18.0029 0.000161075
81.15 3.1485 2.01123 18.0031 0.000172101
81.2 3.24709 1.93128 18.0033 0.000183049
81.25 3.34162 1.84892 18.0035 0.000193862
81.3 3.43198 1.76425 18.0037 0.000204488
81.35 3.51805 1.67738 18.0039 0.000214873
81.4 3.59972 1.58841 18.004 0.000224965
81.45 3.67689 1.49745 18.0042 0.000234714
81.5 3.74947 1.40462 18.0044 0.000244071
81.55 3.81735 1.31003 18.0046 0.000252989
81.6 3.88047 1.21381 18.0047 0.000261424
81.65 3.93873 1.11607 18.0048 0.000269334
81.7 3.99208 1.01694 18.005 0.000276678
81.75 4.04043 0.916529 18.0051 0.000283421
81.8 4.08373 0.814977 18.0052 0.000289528
81.85 4.12192 0.712406 18.0053 0.00029497
81.9 4.15497 0.608945 18.0054 0.000299718
81.95 4.18282 0.504723 18.0055 0.00030375
82 4.20544 0.399869 18.0055 0.000307044
82.05 4.22281 0.294516 18.0056 0.000309585
82.1 4.23489 0.188795 18.0056 0.00031136
82.15 4.24169 0.0828379 18.0056 0.000312359
82.2 4.24318 -0.0232229 18.0056 0.000312579
82.25 4.23936 -0.129255 18.0056 0.000312017
82.3 4.23025 -0.235125 18.0056 0.000310678
82.35 4.21585 -0.340701 18.0056 0.000308566
82.4 4.19618 -0.445852 18.0055 0.000305693
82.45 4.17127 -0.550445 18.0054 0.000302074
82.5 4.14114 -0.65435 18.0054 0.000297726
82.55 4.10583 -0.757437 18.0053 0.000292671
82.6 4.06539 -0.859577 18.0052 0.000286934
82.65 4.01987 -0.960643 18.005 0.000280545
82.7 3.96933 -1.06051 18.0049 0.000273534
82.75 3.91382 -1.15905 18.0048 0.000265938
82.8 3.85342 -1.25614 18.0046 0.000257793
82.85 3.78821 -1.35166 18.0045 0.000249141
82.9 3.71826 -1.44549 18.0043 0.000240025
82.95 3.64366 -1.53751 18.0041 0.000230491
83 3.56451 -1.62762 18.004 0.000220585
83.05 3.4809 -1.71568 18.0038 0.000210359
83.1 3.39294 -1.80161 18.0036 0.000199862
83.15 3.30074 -1.88528 18.0034 0.000189147
83.2 3.20441 -1.96659 18.0032 0.000178268
83.25 3.10408 -2.04545 18.003 0.00016728
83.3 2.99987 -2.12175 18.0028 0.000156236
83.35 2.8919 -2.19539 18.0026 0.000145193
83.4 2.78033 -2.2663 18.0024 0.000134205
83.45 2.66527 -2.33437 18.0022 0.000123328
83.5 2.54689 -2.39952 18.002 0.000112615
83.55 2.42532 -2.46167 18.0018 0.000102121
83.6 2.30072 -2.52075 18.0017 9.1898e-05
83.65 2.17325 -2.57667 18.0015 8.19966e-05
83.7 2.04306 -2.62938 18.0013 7.24666e-05
83.75 1.91031 -2.67879 18.0011 6.33556e-05
83.8 1.77518 -2.72486 18.001 5.47092e-05
83.85 1.63782 -2.76752 18.0008 4.65706e-05
83.9 1.49842 -2.80673 18.0007 3.89805e-05
83.95 1.35715 -2.84242 18.0006 3.19767e-05
84 1.21418 -2.87456 18.0005 2.55944e-05
84.05 1.0697 -2.90311 18.0004 1.98654e-05
84.1 0.923871 -2.92803 18.0003 1.48184e-05
84.15 0.776892 -2.94929 18.0002 1.04785e-05
84.2 0.628942 -2.96686 18.0001 6.8675e-06
84.25 0.480206 -2.98073 18.0001 4.00343e-06
84.3 0.330869 -2.99087 18 1.9006e-06
84.35 0.181119 -2.99727 18 5.69517e-07
84.4 0.0311427 -2.99992 18 1.6838e-08
84.45 -0.118873 -2.99882 18 2.45325e-07
84.5 -0.26874 -2.99398 18 1.25384e-06
84.55 -0.41827 -2.98539 18.0001 3.03733e-06
84.6 -0.567279 -2.97307 18.0001 5.58689e-06
84.65 -0.715578 -2.95703 18.0002 8.88978e-06
84.7 -0.862982 -2.9373 18.0002 1.29295e-05
84.75 -1.00931 -2.9139 18.0003 1.76858e-05
84.8 -1.15437 -2.88685 18.0004 2.3135e-05
84.85 -1.29799 -2.8562 18.0005 2.92498e-05
84.9 -1.43999 -2.82197 18.0006 3.59996e-05
84.95 -1.58019 -2.78422 18.0008 4.33507e-05
85 -1.71841 -2.74299 18.0009 5.12664e-05
85.05 -1.85449 -2.69833 18.0011 5.97071e-05
85.1 -1.98825 -2.65029 18.0012 6.86306e-05
85.15 -2.11952 -2.59895 18.0014 7.79924e-05
85.2 -2.24814 -2.54435 18.0016 8.77455e-05
85.25 -2.37395 -2.48657 18.0018 9.78413e-05
85.3 -2.4968 -2.42569 18.0019 0.000108229
85.35 -2.61652 -2.36177 18.0021 0.000118857
85.4 -2.73298 -2.2949 18.0023 0.000129673
85.45 -2.84601 -2.22517 18.0025 0.000140621
85.5 -2.95549 -2.15265 18.0027 0.000151648
85.55 -3.06128 -2.07744 18.0029 0.000162698
85.6 -3.16324 -1.99963 18.0031 0.000173716
85.65 -3.26124 -1.91933 18.0033 0.000184647
85.7 -3.35517 -1.83662 18.0035 0.000195437
85.75 -3.4449 -1.75162 18.0037 0.000206031
85.8 -3.53033 -1.66443 18.0039 0.000216376
85.85 -3.61135 -1.57516 18.0041 0.000226421
85.9 -3.68785 -1.48392 18.0043 0.000236115
85.95 -3.75974 -1.39082 18.0044 0.00024541
86 -3.82693 -1.29599 18.0046 0.00025426
86.05 -3.88934 -1.19954 18.0047 0.000262621
86.1 -3.94688 -1.10158 18.0049 0.000270449
86.15 -3.9995 -1.00226 18.005 0.000277708
86.2 -4.04711 -0.901673 18.0051 0.000284359
86.25 -4.08966 -0.799963 18.0052 0.000290371
86.3 -4.12711 -0.697253 18.0053 0.000295712
86.35 -4.15939 -0.593672 18.0054 0.000300356
86.4 -4.18647 -0.489349 18.0055 0.00030428
86.45 -4.20832 -0.384414 18.0055 0.000307465
86.5 -4.22491 -0.278998 18.0056 0.000309894
86.55 -4.23622 -0.173234 18.0056 0.000311555
86.6 -4.24224 -0.0672535 18.0056 0.000312441
86.65 -4.24295 0.0388114 18.0056 0.000312545
86.7 -4.23836 0.144828 18.0056 0.000311869
86.75 -4.22847 0.250663 18.0056 0.000310415
86.8 -4.21329 0.356185 18.0055 0.000308191
86.85 -4.19285 0.461262 18.0055 0.000305208
86.9 -4.16716 0.565762 18.0054 0.00030148
86.95 -4.13627 0.669555 18.0053 0.000297027
87 -4.10021 0.772511 18.0053 0.00029187
87.05 -4.05902 0.874501 18.0051 0.000286035
87.1 -4.01276 0.975398 18.005 0.000279553
87.15 -3.96148 1.07508 18.0049 0.000272454
87.2 -3.90525 1.17341 18.0048 0.000264774
87.25 -3.84414 1.27028 18.0046 0.000256552
87.3 -3.77822 1.36556 18.0045 0.000247829
87.35 -3.70758 1.45913 18.0043 0.000238649
87.4 -3.63231 1.55088 18.0041 0.000229057
87.45 -3.5525 1.64069 18.0039 0.000219101
87.5 -3.46824 1.72845 18.0038 0.000208832
87.55 -3.37965 1.81405 18.0036 0.000198299
87.6 -3.28684 1.89738 18.0034 0.000187557
87.65 -3.18991 1.97834 18.0032 0.000176659
87.7 -3.089 2.05682 18.003 0.000165659
87.75 -2.98423 2.13274 18.0028 0.000154612
87.8 -2.87573 2.20599 18.0026 0.000143573
87.85 -2.76363 2.27648 18.0024 0.000132598
87.9 -2.64808 2.34413 18.0022 0.000121742
87.95 -2.52922 2.40884 18.002 0.000111058
88 -2.4072 2.47055 18.0018 0.000100601
88.05 -2.28216 2.52917 18.0016 9.04214e-05
88.1 -2.15428 2.58462 18.0015 8.05716e-05
88.15 -2.0237 2.63685 18.0013 7.11002e-05
88.2 -1.8906 2.68577 18.0011 6.20547e-05
88.25 -1.75513 2.73135 18.001 5.34803e-05
88.3 -1.61746 2.7735 18.0008 4.54198e-05
88.35 -1.47777 2.81219 18.0007 3.79135e-05
88.4 -1.33624 2.84737 18.0006 3.0999e-05
88.45 -1.19304 2.87898 18.0004 2.47108e-05
88.5 -1.04834 2.907 18.0003 1.90803e-05
88.55 -0.902338 2.93139 18.0003 1.41356e-05
88.6 -0.755204 2.9521 18.0002 9.90163e-06
88.65 -0.607127 2.96913 18.0001 6.39936e-06
88.7 -0.458291 2.98245 18.0001 3.64637e-06
88.75 -0.308882 2.99204 18 1.65639e-06
88.8 -0.159087 2.99789 18 4.39386e-07
88.85 -0.00909294 2.99999 18 1.43544e-09
88.9 0.140912 2.99835 18 3.44728e-07
88.95 0.290742 2.99295 18 1.46755e-06
89 0.440207 2.98381 18.0001 3.36428e-06
89.05 0.589123 2.97095 18.0001 6.02545e-06
89.1 0.737302 2.95437 18.0002 9.43775e-06
89.15 0.884559 2.93409 18.0002 1.35841e-05
89.2 1.03071 2.91015 18.0003 1.84438e-05
89.25 1.17557 2.88257 18.0004 2.39926e-05
89.3 1.31897 2.85139 18.0005 3.02027e-05
89.35 1.46071 2.81665 18.0007 3.70431e-05
89.4 1.60063 2.77838 18.0008 4.44796e-05
89.45 1.73855 2.73664 18.0009 5.2475e-05
89.5 1.8743 2.69148 18.0011 6.09894e-05
89.55 2.0077 2.64295 18.0013 6.99802e-05
89.6 2.13859 2.59112 18.0014 7.94024e-05
89.65 2.26681 2.53606 18.0016 8.9209e-05
89.7 2.3922 2.47782 18.0018 9.93509e-05
89.75 2.51459 2.41648 18.002 0.000109777
89.8 2.63385 2.35213 18.0022 0.000120437
89.85 2.74981 2.28483 18.0024 0.000131275
89.9 2.86233 2.21468 18.0026 0.000142238
89.95 2.97127 2.14176 18.0028 0.000153272
90 3.07651 2.06616 18.003 0.000164321
90.05 3.17789 1.98798 18.0032 0.00017533
90.1 3.2753 1.90732 18.0034 0.000186243
90.15 3.36862 1.82427 18.0035 0.000197007
90.2 3.45773 1.73894 18.0037 0.000207568
90.25 3.54252 1.65144 18.0039 0.000217872
90.3 3.62288 1.56187 18.0041 0.000227868
90.35 3.6987 1.47035 18.0043 0.000237507
90.4 3.76991 1.37699 18.0044 0.00024674
90.45 3.8364 1.28191 18.0046 0.000255521
90.5 3.8981 1.18523 18.0047 0.000263805
90.55 3.95493 1.08707 18.0049 0.000271553
90.6 4.00681 0.987548 18.005 0.000278724
90.65 4.05368 0.886792 18.0051 0.000285284
90.7 4.09549 0.784927 18.0052 0.000291198
90.75 4.13217 0.682082 18.0053 0.000296439
90.8 4.1637 0.578383 18.0054 0.000300979
90.85 4.19001 0.473962 18.0055 0.000304795
90.9 4.21109 0.368948 18.0055 0.00030787
90.95 4.22691 0.263473 18.0056 0.000310187
91 4.23744 0.157669 18.0056 0.000311734
91.05 4.24267 0.0516672 18.0056 0.000312505
91.1 4.24261 -0.0543988 18.0056 0.000312495
91.15 4.23723 -0.160397 18.0056 0.000311704
91.2 4.22657 -0.266194 18.0056 0.000310137
91.25 4.21062 -0.371659 18.0055 0.0003078
91.3 4.1894 -0.476659 18.0055 0.000304706
91.35 4.16295 -0.581064 18.0054 0.000300871
91.4 4.13129 -0.684742 18.0053 0.000296312
91.45 4.09448 -0.787564 18.0052 0.000291054
91.5 4.05254 -0.889401 18.0051 0.000285123
91.55 4.00553 -0.990127 18.005 0.000278547
91.6 3.95353 -1.08962 18.0049 0.00027136
91.65 3.89657 -1.18774 18.0047 0.000263599
91.7 3.83475 -1.28438 18.0046 0.000255301
91.75 3.76813 -1.37942 18.0044 0.000246508
91.8 3.69681 -1.47273 18.0043 0.000237264
91.85 3.62086 -1.5642 18.0041 0.000227615
91.9 3.54039 -1.65372 18.0039 0.00021761
91.95 3.45549 -1.74117 18.0037 0.000207299
92 3.36627 -1.82644 18.0035 0.000196732
92.05 3.27285 -1.90943 18.0033 0.000185964
92.1 3.17533 -1.99003 18.0032 0.000175047
92.15 3.07384 -2.06814 18.003 0.000164037
92.2 2.96851 -2.14367 18.0028 0.000152988
92.25 2.85948 -2.21652 18.0026 0.000141955
92.3 2.74686 -2.2866 18.0024 0.000130994
92.35 2.63082 -2.35382 18.0022 0.00012016
92.4 2.51148 -2.4181 18.002 0.000109506
92.45 2.38901 -2.47936 18.0018 9.90859e-05
92.5 2.26354 -2.53752 18.0016 8.8952e-05
92.55 2.13525 -2.5925 18.0014 7.91547e-05
92.6 2.00429 -2.64424 18.0013 6.9743e-05
92.65 1.87083 -2.69268 18.0011 6.07639e-05
92.7 1.73503 -2.73776 18.0009 5.22624e-05
92.75 1.59705 -2.77941 18.0008 4.42809e-05
92.8 1.45709 -2.81758 18.0007 3.68593e-05
92.85 1.3153 -2.85224 18.0005 3.00348e-05
92.9 1.17186 -2.88333 18.0004 2.38413e-05
92.95 1.02696 -2.91081 18.0003 1.83099e-05
93 0.88078 -2.93466 18.0002 1.34683e-05
93.05 0.733496 -2.95484 18.0002 9.34057e-06
93.1 0.585296 -2.97132 18.0001 5.94742e-06
93.15 0.436364 -2.9841 18.0001 3.30579e-06
93.2 0.286886 -2.99314 18 1.42889e-06
93.25 0.13705 -2.99843 18 3.2609e-07
93.3 -0.0129571 -2.99999 18 2.91468e-09
93.35 -0.162948 -2.99779 18 4.60975e-07
93.4 -0.312736 -2.99184 18 1.69798e-06
93.45 -0.462132 -2.98216 18.0001 3.70775e-06
93.5 -0.610951 -2.96874 18.0001 6.48023e-06
93.55 -0.759007 -2.95162 18.0002 1.00016e-05
93.6 -0.906113 -2.9308 18.0003 1.42542e-05
93.65 -1.05209 -2.90633 18.0003 1.92168e-05
93.7 -1.19675 -2.87822 18.0004 2.48646e-05
93.75 -1.33991 -2.84651 18.0006 3.11694e-05
93.8 -1.4814 -2.81124 18.0007 3.80996e-05
93.85 -1.62103 -2.77246 18.0008 4.56206e-05
93.9 -1.75864 -2.73021 18.001 5.36948e-05
93.95 -1.89405 -2.68456 18.0011 6.2282e-05
94 -2.0271 -2.63554 18.0013 7.1339e-05
94.05 -2.15761 -2.58323 18.0015 8.08207e-05
94.1 -2.28542 -2.52769 18.0016 9.06797e-05
94.15 -2.41038 -2.469 18.0018 0.000100867
94.2 -2.53232 -2.40721 18.002 0.000111331
94.25 -2.6511 -2.34242 18.0022 0.00012202
94.3 -2.76656 -2.2747 18.0024 0.00013288
94.35 -2.87857 -2.20414 18.0026 0.000143857
94.4 -2.98698 -2.13082 18.0028 0.000154896
94.45 -3.09165 -2.05483 18.003 0.000165943
94.5 -3.19246 -1.97628 18.0032 0.000176941
94.55 -3.28928 -1.89526 18.0034 0.000187836
94.6 -3.38199 -1.81187 18.0036 0.000198573
94.65 -3.47047 -1.72621 18.0038 0.0002091
94.7 -3.55461 -1.6384 18.0039 0.000219362
94.75 -3.63431 -1.54854 18.0041 0.000229309
94.8 -3.70946 -1.45674 18.0043 0.000238891
94.85 -3.77998 -1.36312 18.0045 0.00024806
94.9 -3.84577 -1.2678 18.0046 0.00025677
94.95 -3.90676 -1.1709 18.0048 0.000264979
95 -3.96286 -1.07253 18.0049 0.000272644
95.05 -4.01401 -0.972814 18.005 0.000279727
95.1 -4.06014 -0.871887 18.0052 0.000286194
95.15 -4.1012 -0.769871 18.0053 0.000292011
95.2 -4.13713 -0.666891 18.0053 0.00029715
95.25 -4.16789 -0.563079 18.0054 0.000301585
95.3 -4.19344 -0.458562 18.0055 0.000305294
95.35 -4.21375 -0.353472 18.0055 0.000308258
95.4 -4.22879 -0.24794 18.0056 0.000310462
95.45 -4.23854 -0.142099 18.0056 0.000311896
95.5 -4.243 -0.0360796 18.0056 0.000312552
95.55 -4.24215 0.0699847 18.0056 0.000312428
95.6 -4.236 0.175962 18.0056 0.000311522
95.65 -4.22455 0.281718 18.0056 0.000309841
95.7 -4.20783 0.387123 18.0055 0.000307392
95.75 -4.18584 0.492044 18.0055 0.000304189
95.8 -4.15862 0.59635 18.0054 0.000300245
95.85 -4.12621 0.69991 18.0053 0.000295583
95.9 -4.08863 0.802596 18.0052 0.000290224
95.95 -4.04595 0.904278 18.0051 0.000284196
96 -3.9982 1.00483 18.005 0.000277528
96.05 -3.94546 1.10413 18.0049 0.000270255
96.1 -3.88779 1.20204 18.0047 0.000262412
96.15 -3.82526 1.29845 18.0046 0.000254038
96.2 -3.75795 1.39324 18.0044 0.000245176
96.25 -3.68593 1.48629 18.0042 0.00023587
96.3 -3.60932 1.57748 18.0041 0.000226166
96.35 -3.52819 1.6667 18.0039 0.000216113
96.4 -3.44265 1.75384 18.0037 0.000205761
96.45 -3.3528 1.83878 18.0035 0.000195161
96.5 -3.25877 1.92143 18.0033 0.000184367
96.55 -3.16066 2.00167 18.0031 0.000173434
96.6 -3.0586 2.07941 18.0029 0.000162414
96.65 -2.95272 2.15455 18.0027 0.000151364
96.7 -2.84315 2.227 18.0025 0.000140338
96.75 -2.73002 2.29666 18.0023 0.000129392
96.8 -2.61348 2.36346 18.0021 0.000118581
96.85 -2.49367 2.4273 18.0019 0.000107958
96.9 -2.37075 2.4881 18.0018 9.75773e-05
96.95 -2.24486 2.5458 18.0016 8.74898e-05
97 -2.11617 2.60031 18.0014 7.77461e-05
97.05 -1.98483 2.65157 18.0012 6.83951e-05
97.1 -1.85101 2.69952 18.0011 5.94835e-05
97.15 -1.71488 2.74409 18.0009 5.10558e-05
97.2 -1.5766 2.78524 18.0008 4.31541e-05
97.25 -1.43636 2.8229 18.0006 3.5818e-05
97.3 -1.29431 2.85703 18.0005 2.90842e-05
97.35 -1.15065 2.8876 18.0004 2.29862e-05
97.4 -1.00555 2.91455 18.0003 1.75545e-05
97.45 -0.859198 2.93786 18.0002 1.28163e-05
97.5 -0.711768 2.95749 18.0002 8.79539e-06
97.55 -0.563449 2.97343 18.0001 5.51171e-06
97.6 -0.414425 2.98566 18.0001 2.98174e-06
97.65 -0.264883 2.99415 18 1.21811e-06
97.7 -0.11501 2.9989 18 2.29641e-07
97.75 0.0350067 2.9999 18 2.12756e-08
97.8 0.18498 2.99715 18 5.94054e-07
97.85 0.334722 2.99065 18 1.94511e-06
97.9 0.484045 2.98042 18.0001 4.0677e-06
97.95 0.632763 2.96646 18.0001 6.9512e-06
98 0.780691 2.94879 18.0002 1.05812e-05
98.05 0.927642 2.92743 18.0003 1.49396e-05
98.1 1.07343 2.90242 18.0004 2.00045e-05
98.15 1.21788 2.87378 18.0005 2.57507e-05
98.2 1.36081 2.84155 18.0006 3.21495e-05
98.25 1.50204 2.80576 18.0007 3.91688e-05
98.3 1.64139 2.76647 18.0008 4.67735e-05
98.35 1.77869 2.72372 18.001 5.49257e-05
98.4 1.91376 2.67756 18.0011 6.35847e-05
98.45 2.04644 2.62806 18.0013 7.2707e-05
98.5 2.17657 2.57527 18.0015 8.22472e-05
98.55 2.30397 2.51926 18.0017 9.21575e-05
98.6 2.42849 2.46011 18.0018 0.000102388
98.65 2.54998 2.39788 18.002 0.000112889
98.7 2.66828 2.33265 18.0022 0.000123606
98.75 2.78324 2.26451 18.0024 0.000134487
98.8 2.89473 2.19353 18.0026 0.000145477
98.85 3.0026 2.11981 18.0028 0.000156521
98.9 3.10671 2.04345 18.003 0.000167564
98.95 3.20694 1.96453 18.0032 0.00017855
99 3.30316 1.88315 18.0034 0.000189425
99.05 3.39526 1.79942 18.0036 0.000200135
99.1 3.48311 1.71344 18.0038 0.000210626
99.15 3.5666 1.62532 18.004 0.000220845
99.2 3.64564 1.53517 18.0042 0.000230741
99.25 3.72012 1.44309 18.0043 0.000240265
99.3 3.78995 1.34922 18.0045 0.00024937
99.35 3.85504 1.25366 18.0046 0.000258009
99.4 3.91531 1.15653 18.0048 0.00026614
99.45 3.97069 1.05795 18.0049 0.000273722
99.5 4.02111 0.958054 18.0051 0.000280717
99.55 4.0665 0.856959 18.0052 0.00028709
99.6 4.1068 0.754793 18.0053 0.00029281
99.65 4.14198 0.651683 18.0054 0.000297847
99.7 4.17197 0.547759 18.0054 0.000302176
99.75 4.19675 0.44315 18.0055 0.000305777
99.8 4.21629 0.337987 18.0056 0.00030863
99.85 4.23055 0.232401 18.0056 0.000310722
99.9 4.23953 0.126525 18.0056 0.000312042
99.95 4.2432 0.020491 18.0056 0.000312583
100 4.24158 -0.0855687 18.0056 0.000312343
